4.849999904632568 0.0 0.0 1491.135498046875 996.8782348632812 
4.25 0.0 0.0 1394.5177001953125 995.5926513671875 
3.6500000953674316 0.0 0.0 1303.646240234375 1001.7364501953125 
3.049999952316284 0.0 0.0 1220.662353515625 1004.0511474609375 
2.450000047683716 0.0 0.0 1134.1318359375 1010.3267211914062 
1.850000023841858 0.0 0.0 1056.85107421875 1012.0531616210938 
1.25 0.0 0.0 991.6063842773438 1014.7288818359375 
0.6499999761581421 0.0 0.0 917.2847290039062 1020.5883178710938 
4.550000190734863 0.30000001192092896 0.0 1441.15771484375 933.5223388671875 
3.950000047683716 0.30000001192092896 0.0 1346.6331787109375 939.5585327148438 
3.3499999046325684 0.30000001192092896 0.0 1258.91650390625 944.7212524414062 
2.75 0.30000001192092896 0.0 1174.1900634765625 947.5067749023438 
2.1500000953674316 0.30000001192092896 0.0 1096.97900390625 954.5803833007812 
1.5499999523162842 0.30000001192092896 0.0 1022.0491943359375 955.512939453125 
0.949999988079071 0.30000001192092896 0.0 952.73095703125 962.4287719726562 
0.3499999940395355 0.30000001192092896 0.0 886.1259155273438 966.9398803710938 
4.849999904632568 0.6000000238418579 0.0 1491.6092529296875 871.1442260742188 
4.25 0.6000000238418579 0.0 1391.4293212890625 875.0949096679688 
3.6500000953674316 0.6000000238418579 0.0 1300.8572998046875 882.1555786132812 
3.049999952316284 0.6000000238418579 0.0 1215.199462890625 889.0122680664062 
2.450000047683716 0.6000000238418579 0.0 1134.3861083984375 896.2088623046875 
1.850000023841858 0.6000000238418579 0.0 1058.5474853515625 901.7106323242188 
1.25 0.6000000238418579 0.0 986.4052124023438 908.0867309570312 
0.6499999761581421 0.6000000238418579 0.0 917.81982421875 913.3555297851562 
4.550000190734863 0.8999999761581421 0.0 1438.0592041015625 808.948974609375 
3.950000047683716 0.8999999761581421 0.0 1344.422119140625 819.1654663085938 
3.3499999046325684 0.8999999761581421 0.0 1256.0040283203125 827.76220703125 
2.75 0.8999999761581421 0.0 1169.7333984375 835.7401733398438 
2.1500000953674316 0.8999999761581421 0.0 1094.970703125 840.0111083984375 
1.5499999523162842 0.8999999761581421 0.0 1020.6162109375 851.1538696289062 
0.949999988079071 0.8999999761581421 0.0 953.0518188476562 857.0869750976562 
0.3499999940395355 0.8999999761581421 0.0 884.0258178710938 864.1194458007812 
4.849999904632568 1.2000000476837158 0.0 1482.99365234375 741.4849243164062 
4.25 1.2000000476837158 0.0 1386.1832275390625 748.3197631835938 
3.6500000953674316 1.2000000476837158 0.0 1299.752197265625 762.8621215820312 
3.049999952316284 1.2000000476837158 0.0 1212.3397216796875 770.331298828125 
2.450000047683716 1.2000000476837158 0.0 1132.232666015625 784.4273071289062 
1.850000023841858 1.2000000476837158 0.0 1056.1181640625 793.16259765625 
1.25 1.2000000476837158 0.0 984.4526977539062 802.1702880859375 
0.6499999761581421 1.2000000476837158 0.0 915.7966918945312 810.052978515625 
4.550000190734863 1.5 0.0 1434.346923828125 685.5442504882812 
3.950000047683716 1.5 0.0 1341.165771484375 698.9972534179688 
3.3499999046325684 1.5 0.0 1248.87060546875 710.106689453125 
2.75 1.5 0.0 1170.42236328125 723.22119140625 
2.1500000953674316 1.5 0.0 1092.3880615234375 733.8619995117188 
1.5499999523162842 1.5 0.0 1020.0802001953125 741.7242431640625 
0.949999988079071 1.5 0.0 947.0380249023438 754.3538208007812 
0.3499999940395355 1.5 0.0 877.9512329101562 762.197509765625 
4.849999904632568 1.7999999523162842 0.0 1478.4349365234375 612.8812255859375 
4.25 1.7999999523162842 0.0 1384.669921875 630.8970947265625 
3.6500000953674316 1.7999999523162842 0.0 1294.6270751953125 650.3675537109375 
3.049999952316284 1.7999999523162842 0.0 1209.291259765625 660.7692260742188 
2.450000047683716 1.7999999523162842 0.0 1129.3349609375 673.190673828125 
1.850000023841858 1.7999999523162842 0.0 1052.9410400390625 689.1447143554688 
1.25 1.7999999523162842 0.0 981.9288940429688 696.98974609375 
0.6499999761581421 1.7999999523162842 0.0 915.8810424804688 710.2838745117188 
4.550000190734863 2.0999999046325684 0.0 1431.15625 562.3546752929688 
3.950000047683716 2.0999999046325684 0.0 1337.99951171875 578.5326538085938 
3.3499999046325684 2.0999999046325684 0.0 1250.7039794921875 595.7809448242188 
2.75 2.0999999046325684 0.0 1170.1854248046875 615.3560791015625 
2.1500000953674316 2.0999999046325684 0.0 1086.3751220703125 628.9462890625 
1.5499999523162842 2.0999999046325684 0.0 1016.3131713867188 638.318115234375 
0.949999988079071 2.0999999046325684 0.0 944.5860595703125 648.8211059570312 
0.3499999940395355 2.0999999046325684 0.0 878.826171875 659.6737060546875 
0.0 0.0 0.3499999940395355 800.5401000976562 1018.8257446289062 
0.0 0.0 0.949999988079071 717.1949462890625 1020.58544921875 
0.0 0.0 1.5499999523162842 636.6624755859375 1018.9287719726562 
0.0 0.0 2.1500000953674316 544.1519165039062 1023.27392578125 
0.0 0.0 2.75 449.1220397949219 1023.5411987304688 
0.0 0.0 3.3499999046325684 350.2662353515625 1019.3554077148438 
0.0 0.0 3.950000047683716 244.3115997314453 1020.1492919921875 
0.0 0.0 4.550000190734863 141.55160522460938 1019.6320190429688 
0.0 0.30000001192092896 0.6499999761581421 755.36962890625 966.1956787109375 
0.0 0.30000001192092896 1.25 675.0819702148438 967.1255493164062 
0.0 0.30000001192092896 1.850000023841858 587.9186401367188 968.9408569335938 
0.0 0.30000001192092896 2.450000047683716 495.0308837890625 965.4320678710938 
0.0 0.30000001192092896 3.049999952316284 398.6806640625 963.4785766601562 
0.0 0.30000001192092896 3.6500000953674316 297.6947326660156 959.262939453125 
0.0 0.30000001192092896 4.25 194.8101348876953 961.6359252929688 
0.0 0.30000001192092896 4.849999904632568 87.97012329101562 964.3762817382812 
0.0 0.6000000238418579 0.3499999940395355 799.2685546875 918.1128540039062 
0.0 0.6000000238418579 0.949999988079071 716.6929931640625 917.8755493164062 
0.0 0.6000000238418579 1.5499999523162842 630.283935546875 913.6668090820312 
0.0 0.6000000238418579 2.1500000953674316 539.4676513671875 916.6837158203125 
0.0 0.6000000238418579 2.75 447.93328857421875 907.0682373046875 
0.0 0.6000000238418579 3.3499999046325684 350.8465270996094 907.154541015625 
0.0 0.6000000238418579 3.950000047683716 247.0110626220703 904.2410278320312 
0.0 0.6000000238418579 4.550000190734863 144.2176513671875 905.060791015625 
0.0 0.8999999761581421 0.6499999761581421 752.35009765625 867.1085205078125 
0.0 0.8999999761581421 1.25 673.2401733398438 862.28125 
0.0 0.8999999761581421 1.850000023841858 585.2493286132812 858.821533203125 
0.0 0.8999999761581421 2.450000047683716 491.02178955078125 855.6226806640625 
0.0 0.8999999761581421 3.049999952316284 394.5304260253906 850.4757080078125 
0.0 0.8999999761581421 3.6500000953674316 298.12811279296875 848.34619140625 
0.0 0.8999999761581421 4.25 190.5383758544922 843.7526245117188 
0.0 0.8999999761581421 4.849999904632568 88.0549545288086 841.8414306640625 
0.0 1.2000000476837158 0.3499999940395355 796.2012939453125 820.2086181640625 
0.0 1.2000000476837158 0.949999988079071 715.102294921875 810.4677124023438 
0.0 1.2000000476837158 1.5499999523162842 630.2861328125 805.5082397460938 
0.0 1.2000000476837158 2.1500000953674316 539.8413696289062 803.322021484375 
0.0 1.2000000476837158 2.75 445.3262023925781 799.1007690429688 
0.0 1.2000000476837158 3.3499999046325684 351.8040771484375 795.5064697265625 
0.0 1.2000000476837158 3.950000047683716 246.47427368164062 788.887451171875 
0.0 1.2000000476837158 4.550000190734863 139.68624877929688 784.1080322265625 
0.0 1.5 0.6499999761581421 752.8572998046875 759.9306030273438 
0.0 1.5 1.25 671.524658203125 758.5187377929688 
0.0 1.5 1.850000023841858 583.6814575195312 752.4268188476562 
0.0 1.5 2.450000047683716 490.47979736328125 746.6503295898438 
0.0 1.5 3.049999952316284 396.68365478515625 741.43115234375 
0.0 1.5 3.6500000953674316 297.3252258300781 735.345703125 
0.0 1.5 4.25 198.6378173828125 727.0344848632812 
0.0 1.5 4.849999904632568 84.98356628417969 722.316650390625 
0.0 1.7999999523162842 0.3499999940395355 794.415283203125 714.5301513671875 
0.0 1.7999999523162842 0.949999988079071 713.114013671875 709.4318237304688 
0.0 1.7999999523162842 1.5499999523162842 627.7516479492188 702.9408569335938 
0.0 1.7999999523162842 2.1500000953674316 537.7747802734375 696.9951171875 
0.0 1.7999999523162842 2.75 442.0691223144531 692.129150390625 
0.0 1.7999999523162842 3.3499999046325684 347.0793151855469 682.8088989257812 
0.0 1.7999999523162842 3.950000047683716 245.31887817382812 675.0591430664062 
0.0 1.7999999523162842 4.550000190734863 143.0469512939453 671.8477783203125 
0.0 2.0999999046325684 0.6499999761581421 754.1157836914062 662.1027221679688 
0.0 2.0999999046325684 1.25 672.7772216796875 651.75927734375 
0.0 2.0999999046325684 1.850000023841858 585.2998046875 650.4043579101562 
0.0 2.0999999046325684 2.450000047683716 491.1812744140625 639.4075317382812 
0.0 2.0999999046325684 3.049999952316284 397.2672424316406 636.1096801757812 
0.0 2.0999999046325684 3.6500000953674316 296.16705322265625 622.6266479492188 
0.0 2.0999999046325684 4.25 191.7664031982422 615.1031494140625 
0.0 2.0999999046325684 4.849999904632568 83.93148803710938 604.173095703125 
