1.0824999809265137 0.0 0.0 1344.133544921875 671.3035278320312 
0.9825000166893005 0.0 0.0 1294.42138671875 670.9553833007812 
0.8824999928474426 0.0 0.0 1246.1220703125 669.9505615234375 
0.7825000286102295 0.0 0.0 1198.5985107421875 668.9603271484375 
0.6825000047683716 0.0 0.0 1153.0977783203125 668.0074462890625 
0.5824999809265137 0.0 0.0 1108.3447265625 667.7430419921875 
0.48249998688697815 0.0 0.0 1064.35400390625 666.813232421875 
0.3824999928474426 0.0 0.0 1021.6992797851562 665.9111328125 
0.2824999988079071 0.0 0.0 979.7614135742188 665.69287109375 
0.18250000476837158 0.0 0.0 938.5702514648438 664.816162109375 
1.0824999809265137 0.10000000149011612 0.0 1343.619140625 610.8756713867188 
0.9825000166893005 0.10000000149011612 0.0 1293.9415283203125 610.62939453125 
0.8824999928474426 0.10000000149011612 0.0 1245.6678466796875 610.4017944335938 
0.7825000286102295 0.10000000149011612 0.0 1198.785888671875 610.8707275390625 
0.6825000047683716 0.10000000149011612 0.0 1152.6810302734375 610.6727905273438 
0.5824999809265137 0.10000000149011612 0.0 1107.95849609375 610.4992065429688 
0.48249998688697815 0.10000000149011612 0.0 1064.6077880859375 610.3486328125 
0.3824999928474426 0.10000000149011612 0.0 1021.9712524414062 610.2110595703125 
0.2824999988079071 0.10000000149011612 0.0 980.0518798828125 610.753173828125 
0.18250000476837158 0.10000000149011612 0.0 938.8724975585938 610.6333618164062 
1.0824999809265137 0.20000000298023224 0.0 1343.7125244140625 549.8577270507812 
0.9825000166893005 0.20000000298023224 0.0 1294.0694580078125 550.38525390625 
0.8824999928474426 0.20000000298023224 0.0 1245.817138671875 551.6055297851562 
0.7825000286102295 0.20000000298023224 0.0 1198.96826171875 552.173095703125 
0.6825000047683716 0.20000000298023224 0.0 1152.885986328125 552.7471923828125 
0.5824999809265137 0.20000000298023224 0.0 1108.1795654296875 553.3397216796875 
0.48249998688697815 0.20000000298023224 0.0 1064.2313232421875 553.943359375 
0.3824999928474426 0.20000000298023224 0.0 1021.6058349609375 555.2361450195312 
0.2824999988079071 0.20000000298023224 0.0 979.709716796875 555.867919921875 
0.18250000476837158 0.20000000298023224 0.0 939.17333984375 555.8455200195312 
1.0824999809265137 0.30000001192092896 0.0 1343.7969970703125 488.9241027832031 
0.9825000166893005 0.30000001192092896 0.0 1294.1776123046875 490.9002685546875 
0.8824999928474426 0.30000001192092896 0.0 1245.96484375 492.2203063964844 
0.7825000286102295 0.30000001192092896 0.0 1198.515625 493.54632568359375 
0.6825000047683716 0.30000001192092896 0.0 1153.0645751953125 495.56842041015625 
0.5824999809265137 0.30000001192092896 0.0 1107.7568359375 496.91485595703125 
0.48249998688697815 0.30000001192092896 0.0 1064.4571533203125 498.2911071777344 
0.3824999928474426 0.30000001192092896 0.0 1021.861572265625 499.66796875 
0.2824999988079071 0.30000001192092896 0.0 979.9832153320312 501.0495910644531 
0.18250000476837158 0.30000001192092896 0.0 938.846923828125 501.7706604003906 
1.0824999809265137 0.4000000059604645 0.0 1343.8497314453125 428.75830078125 
0.9825000166893005 0.4000000059604645 0.0 1294.2825927734375 430.828857421875 
0.8824999928474426 0.4000000059604645 0.0 1246.1064453125 432.9128112792969 
0.7825000286102295 0.4000000059604645 0.0 1198.6717529296875 435.6827087402344 
0.6825000047683716 0.4000000059604645 0.0 1152.64013671875 437.79388427734375 
0.5824999809265137 0.4000000059604645 0.0 1107.98583984375 439.90997314453125 
0.48249998688697815 0.4000000059604645 0.0 1064.69482421875 442.03863525390625 
0.3824999928474426 0.4000000059604645 0.0 1022.1068115234375 444.1720275878906 
0.2824999988079071 0.4000000059604645 0.0 980.2610473632812 445.6325988769531 
0.18250000476837158 0.4000000059604645 0.0 939.1275024414062 447.7608337402344 
1.0824999809265137 0.5 0.0 1343.301025390625 368.0057678222656 
0.9825000166893005 0.5 0.0 1293.7650146484375 370.8465881347656 
0.8824999928474426 0.5 0.0 1245.607666015625 374.3672790527344 
0.7825000286102295 0.5 0.0 1198.8416748046875 377.23016357421875 
0.6825000047683716 0.5 0.0 1152.822265625 380.1058044433594 
0.5824999809265137 0.5 0.0 1108.1878662109375 382.9754943847656 
0.48249998688697815 0.5 0.0 1064.306640625 385.8531799316406 
0.3824999928474426 0.5 0.0 1021.7451171875 388.73248291015625 
0.2824999988079071 0.5 0.0 979.910400390625 390.9365539550781 
0.18250000476837158 0.5 0.0 939.4078369140625 393.81732177734375 
1.0824999809265137 0.6000000238418579 0.0 1343.3538818359375 307.3747253417969 
0.9825000166893005 0.6000000238418579 0.0 1293.8536376953125 310.9688720703125 
0.8824999928474426 0.6000000238418579 0.0 1245.734619140625 315.251220703125 
0.7825000286102295 0.6000000238418579 0.0 1198.38037109375 318.8616638183594 
0.6825000047683716 0.6000000238418579 0.0 1153.01513671875 322.4941711425781 
0.5824999809265137 0.6000000238418579 0.0 1107.77685546875 326.1156005859375 
0.48249998688697815 0.6000000238418579 0.0 1064.5230712890625 329.7463073730469 
0.3824999928474426 0.6000000238418579 0.0 1021.9795532226562 333.37200927734375 
0.2824999988079071 0.6000000238418579 0.0 980.1686401367188 336.31903076171875 
0.18250000476837158 0.6000000238418579 0.0 939.0818481445312 339.2761535644531 
0.0 0.0 0.18250000476837158 799.3387451171875 664.8181762695312 
0.0 0.0 0.2824999988079071 760.0753784179688 665.4843139648438 
0.0 0.0 0.3824999928474426 720.05859375 666.1325073242188 
0.0 0.0 0.48249998688697815 678.5441284179688 666.7537231445312 
0.0 0.0 0.5824999809265137 635.5330200195312 667.34375 
0.0 0.0 0.6825000047683716 591.0670776367188 667.9037475585938 
0.0 0.0 0.7825000286102295 545.8575439453125 668.4480590820312 
0.0 0.0 0.8824999928474426 499.1484680175781 668.9622802734375 
0.0 0.0 0.9825000166893005 451.69744873046875 669.4583740234375 
0.0 0.0 1.0824999809265137 402.00262451171875 670.5765991210938 
0.0 0.10000000149011612 0.18250000476837158 799.753173828125 610.7897338867188 
0.0 0.10000000149011612 0.2824999988079071 760.5458374023438 610.1226806640625 
0.0 0.10000000149011612 0.3824999928474426 719.8228759765625 610.0966796875 
0.0 0.10000000149011612 0.48249998688697815 678.344482421875 610.0529174804688 
0.0 0.10000000149011612 0.5824999809265137 635.3832397460938 609.3116455078125 
0.0 0.10000000149011612 0.6825000047683716 591.7046508789062 609.22216796875 
0.0 0.10000000149011612 0.7825000286102295 546.540283203125 609.1045532226562 
0.0 0.10000000149011612 0.8824999928474426 499.8768615722656 608.9599609375 
0.0 0.10000000149011612 0.9825000166893005 451.7283630371094 608.7874755859375 
0.0 0.10000000149011612 1.0824999809265137 402.1092224121094 608.5922241210938 
0.0 0.20000000298023224 0.18250000476837158 800.1806640625 556.1482543945312 
0.0 0.20000000298023224 0.2824999988079071 761.0130004882812 554.81494140625 
0.0 0.20000000298023224 0.3824999928474426 720.3224487304688 554.1227416992188 
0.0 0.20000000298023224 0.48249998688697815 678.8836669921875 553.4130249023438 
0.0 0.20000000298023224 0.5824999809265137 635.96435546875 552.0127563476562 
0.0 0.20000000298023224 0.6825000047683716 592.3182983398438 551.265380859375 
0.0 0.20000000298023224 0.7825000286102295 546.4598388671875 549.8192138671875 
0.0 0.20000000298023224 0.8824999928474426 499.8664855957031 548.3583984375 
0.0 0.20000000298023224 0.9825000166893005 452.5157775878906 547.5465087890625 
0.0 0.20000000298023224 1.0824999809265137 402.9706115722656 546.0296630859375 
0.0 0.30000001192092896 0.18250000476837158 800.5980834960938 501.5556335449219 
0.0 0.30000001192092896 0.2824999988079071 760.6935424804688 500.2131042480469 
0.0 0.30000001192092896 0.3824999928474426 720.8106689453125 498.20263671875 
0.0 0.30000001192092896 0.48249998688697815 679.4264526367188 496.1667785644531 
0.0 0.30000001192092896 0.5824999809265137 636.5355834960938 494.7779541015625 
0.0 0.30000001192092896 0.6825000047683716 592.1914672851562 492.7057189941406 
0.0 0.30000001192092896 0.7825000286102295 547.1270141601562 490.6137390136719 
0.0 0.30000001192092896 0.8824999928474426 500.58233642578125 488.4971008300781 
0.0 0.30000001192092896 0.9825000166893005 452.54156494140625 486.359375 
0.0 0.30000001192092896 1.0824999809265137 403.8030090332031 484.21661376953125 
0.0 0.4000000059604645 0.18250000476837158 801.0257568359375 447.01708984375 
0.0 0.4000000059604645 0.2824999988079071 761.1526489257812 445.0191345214844 
0.0 0.4000000059604645 0.3824999928474426 721.302978515625 442.3536682128906 
0.0 0.4000000059604645 0.48249998688697815 679.2056274414062 439.6543273925781 
0.0 0.4000000059604645 0.5824999809265137 637.1245727539062 436.96636962890625 
0.0 0.4000000059604645 0.6825000047683716 592.8268432617188 434.2321472167969 
0.0 0.4000000059604645 0.7825000286102295 547.8107299804688 431.4872741699219 
0.0 0.4000000059604645 0.8824999928474426 501.3126220703125 428.73089599609375 
0.0 0.4000000059604645 0.9825000166893005 453.3486328125 425.2787780761719 
0.0 0.4000000059604645 1.0824999809265137 403.9082946777344 422.48193359375 
0.0 0.5 0.18250000476837158 800.6891479492188 393.2059020996094 
0.0 0.5 0.2824999988079071 761.6237182617188 389.9005432128906 
0.0 0.5 0.3824999928474426 721.0651245117188 386.57122802734375 
0.0 0.5 0.48249998688697815 679.7659912109375 383.23095703125 
0.0 0.5 0.5824999809265137 636.9747924804688 379.8774719238281 
0.0 0.5 0.6825000047683716 593.4769287109375 375.841796875 
0.0 0.5 0.7825000286102295 548.500732421875 372.4596252441406 
0.0 0.5 0.8824999928474426 502.0715026855469 368.38299560546875 
0.0 0.5 0.9825000166893005 454.1575012207031 364.30377197265625 
0.0 0.5 1.0824999809265137 404.7726745605469 360.865234375 
0.0 0.6000000238418579 0.18250000476837158 801.130126953125 338.8193054199219 
0.0 0.6000000238418579 0.2824999988079071 762.10009765625 334.85272216796875 
0.0 0.6000000238418579 0.3824999928474426 721.5877685546875 330.875732421875 
0.0 0.6000000238418579 0.48249998688697815 680.3423461914062 326.2204895019531 
0.0 0.6000000238418579 0.5824999809265137 637.5887451171875 322.2136535644531 
0.0 0.6000000238418579 0.6825000047683716 593.38623046875 317.5310363769531 
0.0 0.6000000238418579 0.7825000286102295 548.4506225585938 313.50042724609375 
0.0 0.6000000238418579 0.8824999928474426 502.1048583984375 308.1427001953125 
0.0 0.6000000238418579 0.9825000166893005 454.2493591308594 303.420166015625 
0.0 0.6000000238418579 1.0824999809265137 404.95233154296875 298.6950378417969 
