1.0824999809265137 0.0 0.0 2134.421142578125 1067.0020751953125 
 0.9825000166893005 0.0 0.0 2036.435791015625 1067.302978515625 
 0.8824999928474426 0.0 0.0 1941.158447265625 1067.50732421875 
 0.7825000286102295 0.0 0.0 1848.43115234375 1067.8297119140625 
 0.6825000047683716 0.0 0.0 1758.0074462890625 1068.1199951171875 
 0.5824999809265137 0.0 0.0 1670.0556640625 1068.409912109375 
 0.48249998688697815 0.0 0.0 1584.09814453125 1068.7293701171875 
 0.3824999928474426 0.0 0.0 1500.0489501953125 1069.0421142578125 
 0.2824999988079071 0.0 0.0 1417.8255615234375 1069.380126953125 
 0.18250000476837158 0.0 0.0 1337.5618896484375 1069.6837158203125 
 1.0824999809265137 0.10000000149011612 0.0 2132.969970703125 958.95751953125 
 0.9825000166893005 0.10000000149011612 0.0 2034.94873046875 960.6836547851562 
 0.8824999928474426 0.10000000149011612 0.0 1939.6248779296875 962.506591796875 
 0.7825000286102295 0.10000000149011612 0.0 1846.7548828125 964.1163940429688 
 0.6825000047683716 0.10000000149011612 0.0 1756.4351806640625 965.7615966796875 
 0.5824999809265137 0.10000000149011612 0.0 1668.3995361328125 967.3576049804688 
 0.48249998688697815 0.10000000149011612 0.0 1582.489990234375 968.8530883789062 
 0.3824999928474426 0.10000000149011612 0.0 1498.4964599609375 970.4110107421875 
 0.2824999988079071 0.10000000149011612 0.0 1416.2918701171875 971.9215698242188 
 0.18250000476837158 0.10000000149011612 0.0 1336.000244140625 973.4915771484375 
 1.0824999809265137 0.20000000298023224 0.0 2131.32958984375 850.8925170898438 
 0.9825000166893005 0.20000000298023224 0.0 2033.3289794921875 854.109375 
 0.8824999928474426 0.20000000298023224 0.0 1937.90087890625 857.23828125 
 0.7825000286102295 0.20000000298023224 0.0 1845.2149658203125 860.3783569335938 
 0.6825000047683716 0.20000000298023224 0.0 1754.7457275390625 863.331298828125 
 0.5824999809265137 0.20000000298023224 0.0 1666.646240234375 866.2095336914062 
 0.48249998688697815 0.20000000298023224 0.0 1580.70703125 869.0126953125 
 0.3824999928474426 0.20000000298023224 0.0 1496.7803955078125 871.790771484375 
 0.2824999988079071 0.20000000298023224 0.0 1414.513916015625 874.5733032226562 
 0.18250000476837158 0.20000000298023224 0.0 1334.298095703125 877.2901000976562 
 1.0824999809265137 0.30000001192092896 0.0 2129.683349609375 742.7432250976562 
 0.9825000166893005 0.30000001192092896 0.0 2031.6048583984375 747.4429321289062 
 0.8824999928474426 0.30000001192092896 0.0 1936.2679443359375 752.0697021484375 
 0.7825000286102295 0.30000001192092896 0.0 1843.32373046875 756.5082397460938 
 0.6825000047683716 0.30000001192092896 0.0 1752.94775390625 760.8307495117188 
 0.5824999809265137 0.30000001192092896 0.0 1664.460693359375 765.136962890625 
 0.48249998688697815 0.30000001192092896 0.0 1578.90380859375 769.215576171875 
 0.3824999928474426 0.30000001192092896 0.0 1494.8951416015625 773.2098999023438 
 0.2824999988079071 0.30000001192092896 0.0 1412.7156982421875 777.1635131835938 
 0.18250000476837158 0.30000001192092896 0.0 1332.5306396484375 780.9541625976562 
 1.0824999809265137 0.4000000059604645 0.0 2127.911865234375 634.4240112304688 
 0.9825000166893005 0.4000000059604645 0.0 2029.917236328125 640.7077026367188 
 0.8824999928474426 0.4000000059604645 0.0 1934.5384521484375 646.680419921875 
 0.7825000286102295 0.4000000059604645 0.0 1841.7545166015625 652.5349731445312 
 0.6825000047683716 0.4000000059604645 0.0 1751.2081298828125 658.3051147460938 
 0.5824999809265137 0.4000000059604645 0.0 1663.1536865234375 663.7850952148438 
 0.48249998688697815 0.4000000059604645 0.0 1577.2244873046875 669.2379150390625 
 0.3824999928474426 0.4000000059604645 0.0 1493.208984375 674.4776000976562 
 0.2824999988079071 0.4000000059604645 0.0 1410.8756103515625 679.5816040039062 
 0.18250000476837158 0.4000000059604645 0.0 1330.6995849609375 684.5811157226562 
 1.0824999809265137 0.5 0.0 2126.34228515625 526.05224609375 
 0.9825000166893005 0.5 0.0 2028.2640380859375 533.8566284179688 
 0.8824999928474426 0.5 0.0 1932.72509765625 541.39599609375 
 0.7825000286102295 0.5 0.0 1839.8629150390625 548.6209716796875 
 0.6825000047683716 0.5 0.0 1749.3701171875 555.7203979492188 
 0.5824999809265137 0.5 0.0 1661.2904052734375 562.5759887695312 
 0.48249998688697815 0.5 0.0 1575.409912109375 569.2029418945312 
 0.3824999928474426 0.5 0.0 1491.2579345703125 575.8037109375 
 0.2824999988079071 0.5 0.0 1409.1156005859375 582.0053100585938 
 0.18250000476837158 0.5 0.0 1328.8338623046875 588.2710571289062 
 1.0824999809265137 0.6000000238418579 0.0 2124.56494140625 417.48162841796875 
 0.9825000166893005 0.6000000238418579 0.0 2026.501220703125 426.697998046875 
 0.8824999928474426 0.6000000238418579 0.0 1930.9473876953125 435.69036865234375 
 0.7825000286102295 0.6000000238418579 0.0 1837.93017578125 444.3841247558594 
 0.6825000047683716 0.6000000238418579 0.0 1747.60009765625 452.864501953125 
 0.5824999809265137 0.6000000238418579 0.0 1659.21337890625 461.0596008300781 
 0.48249998688697815 0.6000000238418579 0.0 1573.3477783203125 469.0781555175781 
 0.3824999928474426 0.6000000238418579 0.0 1489.2261962890625 476.7840270996094 
 0.2824999988079071 0.6000000238418579 0.0 1407.2200927734375 484.35089111328125 
 0.18250000476837158 0.6000000238418579 0.0 1326.9718017578125 491.65081787109375 
 0.0 0.0 0.18250000476837158 1093.70556640625 1075.6190185546875 
 0.0 0.0 0.2824999988079071 1032.5545654296875 1078.2110595703125 
 0.0 0.0 0.3824999928474426 969.348876953125 1080.807861328125 
 0.0 0.0 0.48249998688697815 903.9506225585938 1083.58642578125 
 0.0 0.0 0.5824999809265137 836.23388671875 1086.4261474609375 
 0.0 0.0 0.6825000047683716 765.8278198242188 1089.4139404296875 
 0.0 0.0 0.7825000286102295 692.9303588867188 1092.452392578125 
 0.0 0.0 0.8824999928474426 617.6038818359375 1095.615966796875 
 0.0 0.0 0.9825000166893005 539.40869140625 1098.9188232421875 
 0.0 0.0 1.0824999809265137 458.12908935546875 1102.39404296875 
 0.0 0.10000000149011612 0.18250000476837158 1092.1614990234375 978.5404052734375 
 0.0 0.10000000149011612 0.2824999988079071 1030.879150390625 979.505126953125 
 0.0 0.10000000149011612 0.3824999928474426 967.5390625 980.4279174804688 
 0.0 0.10000000149011612 0.48249998688697815 902.0802612304688 981.509765625 
 0.0 0.10000000149011612 0.5824999809265137 834.2904663085938 982.5007934570312 
 0.0 0.10000000149011612 0.6825000047683716 763.9960327148438 983.6029663085938 
 0.0 0.10000000149011612 0.7825000286102295 691.0869750976562 984.7171020507812 
 0.0 0.10000000149011612 0.8824999928474426 615.6160278320312 985.9005126953125 
 0.0 0.10000000149011612 0.9825000166893005 537.332763671875 987.1593627929688 
 0.0 0.10000000149011612 1.0824999809265137 455.933837890625 988.4344482421875 
 0.0 0.20000000298023224 0.18250000476837158 1090.582763671875 881.4698486328125 
 0.0 0.20000000298023224 0.2824999988079071 1029.29150390625 880.7745971679688 
 0.0 0.20000000298023224 0.3824999928474426 965.7998046875 880.082763671875 
 0.0 0.20000000298023224 0.48249998688697815 900.3543090820312 879.3726806640625 
 0.0 0.20000000298023224 0.5824999809265137 832.4401245117188 878.611083984375 
 0.0 0.20000000298023224 0.6825000047683716 762.3131103515625 877.8619995117188 
 0.0 0.20000000298023224 0.7825000286102295 689.251953125 876.958984375 
 0.0 0.20000000298023224 0.8824999928474426 613.6747436523438 876.1526489257812 
 0.0 0.20000000298023224 0.9825000166893005 535.3450317382812 875.33154296875 
 0.0 0.20000000298023224 1.0824999809265137 453.8978271484375 874.3546142578125 
 0.0 0.30000001192092896 0.18250000476837158 1089.01904296875 784.3302001953125 
 0.0 0.30000001192092896 0.2824999988079071 1027.6341552734375 782.0272216796875 
 0.0 0.30000001192092896 0.3824999928474426 964.1416015625 779.5911865234375 
 0.0 0.30000001192092896 0.48249998688697815 898.57177734375 777.2007446289062 
 0.0 0.30000001192092896 0.5824999809265137 830.7532348632812 774.5284423828125 
 0.0 0.30000001192092896 0.6825000047683716 760.4808959960938 772.0228271484375 
 0.0 0.30000001192092896 0.7825000286102295 687.4788818359375 769.2051391601562 
 0.0 0.30000001192092896 0.8824999928474426 611.815185546875 766.4541625976562 
 0.0 0.30000001192092896 0.9825000166893005 533.422607421875 763.3846435546875 
 0.0 0.30000001192092896 1.0824999809265137 451.9701232910156 760.367919921875 
 0.0 0.4000000059604645 0.18250000476837158 1087.4356689453125 687.1976318359375 
 0.0 0.4000000059604645 0.2824999988079071 1026.039794921875 683.2858276367188 
 0.0 0.4000000059604645 0.3824999928474426 962.5932006835938 679.16748046875 
 0.0 0.4000000059604645 0.48249998688697815 897.025390625 674.9675903320312 
 0.0 0.4000000059604645 0.5824999809265137 829.1178588867188 670.5996704101562 
 0.0 0.4000000059604645 0.6825000047683716 758.638427734375 666.0294189453125 
 0.0 0.4000000059604645 0.7825000286102295 685.6488037109375 661.4197998046875 
 0.0 0.4000000059604645 0.8824999928474426 610.11572265625 656.5239868164062 
 0.0 0.4000000059604645 0.9825000166893005 531.455078125 651.4266357421875 
 0.0 0.4000000059604645 1.0824999809265137 449.9800720214844 646.1436157226562 
 0.0 0.5 0.18250000476837158 1085.7633056640625 589.9495849609375 
 0.0 0.5 0.2824999988079071 1024.3267822265625 584.401123046875 
 0.0 0.5 0.3824999928474426 960.7109375 578.62548828125 
 0.0 0.5 0.48249998688697815 895.1539306640625 572.7333984375 
 0.0 0.5 0.5824999809265137 827.3045654296875 566.5957641601562 
 0.0 0.5 0.6825000047683716 756.8507690429688 560.1911010742188 
 0.0 0.5 0.7825000286102295 683.8270263671875 553.4923706054688 
 0.0 0.5 0.8824999928474426 608.18994140625 546.5125732421875 
 0.0 0.5 0.9825000166893005 529.5670166015625 539.3698120117188 
 0.0 0.5 1.0824999809265137 447.9234313964844 531.852294921875 
 0.0 0.6000000238418579 0.18250000476837158 1084.0650634765625 492.6435852050781 
 0.0 0.6000000238418579 0.2824999988079071 1022.5632934570312 485.48876953125 
 0.0 0.6000000238418579 0.3824999928474426 959.0272216796875 478.0398864746094 
 0.0 0.6000000238418579 0.48249998688697815 893.3848876953125 470.390380859375 
 0.0 0.6000000238418579 0.5824999809265137 825.4243774414062 462.3349304199219 
 0.0 0.6000000238418579 0.6825000047683716 754.9570922851562 454.09637451171875 
 0.0 0.6000000238418579 0.7825000286102295 681.6849365234375 445.4741516113281 
 0.0 0.6000000238418579 0.8824999928474426 606.1174926757812 436.3822937011719 
 0.0 0.6000000238418579 0.9825000166893005 527.4501342773438 427.1105041503906 
 0.0 0.6000000238418579 1.0824999809265137 445.71923828125 417.41485595703125 
 