1.0824999809265137 0.0 0.0 1376.1900634765625 694.5178833007812 
0.9825000166893005 0.0 0.0 1314.3704833984375 693.1759033203125 
0.8824999928474426 0.0 0.0 1254.6595458984375 692.5585327148438 
0.7825000286102295 0.0 0.0 1196.430419921875 691.2828979492188 
0.6825000047683716 0.0 0.0 1140.3087158203125 690.0476684570312 
0.5824999809265137 0.0 0.0 1085.647216796875 688.841064453125 
0.48249998688697815 0.0 0.0 1032.4344482421875 688.343994140625 
0.3824999928474426 0.0 0.0 980.6051635742188 687.1904907226562 
0.2824999988079071 0.0 0.0 930.1988525390625 686.0623779296875 
0.18250000476837158 0.0 0.0 881.1974487304688 685.6435546875 
1.0824999809265137 0.10000000149011612 0.0 1376.4149169921875 620.1436157226562 
0.9825000166893005 0.10000000149011612 0.0 1314.630859375 620.3352661132812 
0.8824999928474426 0.10000000149011612 0.0 1254.96533203125 620.5586547851562 
0.7825000286102295 0.10000000149011612 0.0 1196.7779541015625 620.119384765625 
0.6825000047683716 0.10000000149011612 0.0 1140.054443359375 620.3864135742188 
0.5824999809265137 0.10000000149011612 0.0 1085.421630859375 620.0078735351562 
0.48249998688697815 0.10000000149011612 0.0 1032.23779296875 620.3301391601562 
0.3824999928474426 0.10000000149011612 0.0 980.445068359375 619.9949951171875 
0.2824999988079071 0.10000000149011612 0.0 930.0659790039062 620.3627319335938 
0.18250000476837158 0.10000000149011612 0.0 881.0982666015625 620.07275390625 
1.0824999809265137 0.20000000298023224 0.0 1375.9615478515625 545.8671875 
0.9825000166893005 0.20000000298023224 0.0 1314.238525390625 546.9019165039062 
0.8824999928474426 0.20000000298023224 0.0 1254.6256103515625 547.9627685546875 
0.7825000286102295 0.20000000298023224 0.0 1196.474609375 549.0476684570312 
0.6825000047683716 0.20000000298023224 0.0 1140.4107666015625 550.1599731445312 
0.5824999809265137 0.20000000298023224 0.0 1085.8006591796875 551.28759765625 
0.48249998688697815 0.20000000298023224 0.0 1032.648193359375 552.4302368164062 
0.3824999928474426 0.20000000298023224 0.0 980.8789672851562 553.5924072265625 
0.2824999988079071 0.20000000298023224 0.0 930.5215454101562 554.7650146484375 
0.18250000476837158 0.20000000298023224 0.0 880.9710693359375 555.2678833007812 
1.0824999809265137 0.30000001192092896 0.0 1376.126953125 471.7403564453125 
0.9825000166893005 0.30000001192092896 0.0 1314.453369140625 473.60699462890625 
0.8824999928474426 0.30000001192092896 0.0 1254.2579345703125 476.18011474609375 
0.7825000286102295 0.30000001192092896 0.0 1196.140625 478.7764892578125 
0.6825000047683716 0.30000001192092896 0.0 1140.11767578125 480.71588134765625 
0.5824999809265137 0.30000001192092896 0.0 1084.9246826171875 482.6586608886719 
0.48249998688697815 0.30000001192092896 0.0 1032.4359130859375 484.62921142578125 
0.3824999928474426 0.30000001192092896 0.0 980.7023315429688 486.5973205566406 
0.2824999988079071 0.30000001192092896 0.0 930.3764038085938 488.576904296875 
0.18250000476837158 0.30000001192092896 0.0 881.4495849609375 490.5599670410156 
1.0824999809265137 0.4000000059604645 0.0 1375.6221923828125 397.06427001953125 
0.9825000166893005 0.4000000059604645 0.0 1314.01220703125 401.133544921875 
0.8824999928474426 0.4000000059604645 0.0 1254.5042724609375 404.5373229980469 
0.7825000286102295 0.4000000059604645 0.0 1196.4326171875 407.9594421386719 
0.6825000047683716 0.4000000059604645 0.0 1139.8450927734375 410.718994140625 
0.5824999809265137 0.4000000059604645 0.0 1085.310302734375 414.1678161621094 
0.48249998688697815 0.4000000059604645 0.0 1032.232177734375 416.94232177734375 
0.3824999928474426 0.4000000059604645 0.0 980.5133056640625 419.7138671875 
0.2824999988079071 0.4000000059604645 0.0 930.2068481445312 423.165771484375 
0.18250000476837158 0.4000000059604645 0.0 881.3104858398438 425.9405822753906 
1.0824999809265137 0.5 0.0 1375.128173828125 323.2452697753906 
0.9825000166893005 0.5 0.0 1313.5784912109375 328.1305236816406 
0.8824999928474426 0.5 0.0 1254.1199951171875 332.357177734375 
0.7825000286102295 0.5 0.0 1196.1063232421875 337.2747802734375 
0.6825000047683716 0.5 0.0 1139.53466796875 341.5285949707031 
0.5824999809265137 0.5 0.0 1085.0423583984375 345.786865234375 
0.48249998688697815 0.5 0.0 1032.0087890625 349.3643798828125 
0.3824999928474426 0.5 0.0 980.318115234375 353.6134948730469 
0.2824999988079071 0.5 0.0 930.0534057617188 357.1838684082031 
0.18250000476837158 0.5 0.0 881.1830444335938 360.7513122558594 
1.0824999809265137 0.6000000238418579 0.0 1375.222412109375 248.9288787841797 
0.9825000166893005 0.6000000238418579 0.0 1313.7415771484375 255.3040771484375 
0.8824999928474426 0.6000000238418579 0.0 1253.7100830078125 261.0173645019531 
0.7825000286102295 0.6000000238418579 0.0 1195.7701416015625 266.07208251953125 
0.6825000047683716 0.6000000238418579 0.0 1139.86572265625 271.80621337890625 
0.5824999809265137 0.6000000238418579 0.0 1084.7891845703125 276.8621520996094 
0.48249998688697815 0.6000000238418579 0.0 1031.7708740234375 281.9173278808594 
0.3824999928474426 0.6000000238418579 0.0 980.120361328125 286.95697021484375 
0.2824999988079071 0.6000000238418579 0.0 929.8956909179688 291.31768798828125 
0.18250000476837158 0.6000000238418579 0.0 881.0443115234375 296.3442077636719 
0.0 0.0 0.18250000476837158 714.1174926757812 686.4082641601562 
0.0 0.0 0.2824999988079071 666.3690795898438 686.9533081054688 
0.0 0.0 0.3824999928474426 616.2485961914062 688.1224975585938 
0.0 0.0 0.48249998688697815 565.3610229492188 689.274658203125 
0.0 0.0 0.5824999809265137 512.1375732421875 689.71337890625 
0.0 0.0 0.6825000047683716 457.3868713378906 690.797607421875 
0.0 0.0 0.7825000286102295 400.2802429199219 691.8346557617188 
0.0 0.0 0.8824999928474426 341.59857177734375 693.517333984375 
0.0 0.0 0.9825000166893005 279.801025390625 694.4677124023438 
0.0 0.0 1.0824999809265137 216.5006103515625 695.38525390625 
0.0 0.10000000149011612 0.18250000476837158 714.0687866210938 621.0494995117188 
0.0 0.10000000149011612 0.2824999988079071 666.3721923828125 620.9152221679688 
0.0 0.10000000149011612 0.3824999928474426 617.130859375 620.0760498046875 
0.0 0.10000000149011612 0.48249998688697815 565.5160522460938 620.5405883789062 
0.0 0.10000000149011612 0.5824999809265137 512.34326171875 620.3034057617188 
0.0 0.10000000149011612 0.6825000047683716 457.6648864746094 620.0418090820312 
0.0 0.10000000149011612 0.7825000286102295 400.63299560546875 619.7403564453125 
0.0 0.10000000149011612 0.8824999928474426 342.0495300292969 619.4061279296875 
0.0 0.10000000149011612 0.9825000166893005 280.35223388671875 619.0130004882812 
0.0 0.10000000149011612 1.0824999809265137 217.15542602539062 618.6012573242188 
0.0 0.20000000298023224 0.18250000476837158 714.8080444335938 555.1065063476562 
0.0 0.20000000298023224 0.2824999988079071 666.3876342773438 554.2833862304688 
0.0 0.20000000298023224 0.3824999928474426 617.1903686523438 552.77197265625 
0.0 0.20000000298023224 0.48249998688697815 565.6669311523438 551.221435546875 
0.0 0.20000000298023224 0.5824999809265137 512.5591430664062 550.3192749023438 
0.0 0.20000000298023224 0.6825000047683716 457.9377746582031 548.7183837890625 
0.0 0.20000000298023224 0.7825000286102295 400.98931884765625 547.075927734375 
0.0 0.20000000298023224 0.8824999928474426 342.5057678222656 545.4066772460938 
0.0 0.20000000298023224 0.9825000166893005 280.9016418457031 543.6826782226562 
0.0 0.20000000298023224 1.0824999809265137 217.79713439941406 541.9402465820312 
0.0 0.30000001192092896 0.18250000476837158 714.7487182617188 489.91705322265625 
0.0 0.30000001192092896 0.2824999988079071 667.1719360351562 487.7583923339844 
0.0 0.30000001192092896 0.3824999928474426 617.2509155273438 485.564208984375 
0.0 0.30000001192092896 0.48249998688697815 566.5733032226562 482.69244384765625 
0.0 0.30000001192092896 0.5824999809265137 513.5403442382812 480.4490966796875 
0.0 0.30000001192092896 0.6825000047683716 458.21368408203125 477.4976806640625 
0.0 0.30000001192092896 0.7825000286102295 401.3513488769531 474.52301025390625 
0.0 0.30000001192092896 0.8824999928474426 342.95513916015625 471.52392578125 
0.0 0.30000001192092896 0.9825000166893005 281.4404296875 468.4762268066406 
0.0 0.30000001192092896 1.0824999809265137 218.4461212158203 465.4114990234375 
0.0 0.4000000059604645 0.18250000476837158 714.7109375 424.823974609375 
0.0 0.4000000059604645 0.2824999988079071 667.1939697265625 421.33038330078125 
0.0 0.4000000059604645 0.3824999928474426 618.113525390625 417.8115234375 
0.0 0.4000000059604645 0.48249998688697815 566.7017211914062 414.2649230957031 
0.0 0.4000000059604645 0.5824999809265137 513.7451782226562 410.68536376953125 
0.0 0.4000000059604645 0.6825000047683716 459.29638671875 406.41265869140625 
0.0 0.4000000059604645 0.7825000286102295 402.5235290527344 402.111572265625 
0.0 0.4000000059604645 0.8824999928474426 343.4162292480469 398.4461364746094 
0.0 0.4000000059604645 0.9825000166893005 282.0395812988281 393.4094543457031 
0.0 0.4000000059604645 1.0824999809265137 219.13986206054688 389.02789306640625 
0.0 0.5 0.18250000476837158 715.4700317382812 359.85260009765625 
0.0 0.5 0.2824999988079071 667.2387084960938 355.00714111328125 
0.0 0.5 0.3824999928474426 618.2242431640625 350.8286437988281 
0.0 0.5 0.48249998688697815 566.885009765625 345.94775390625 
0.0 0.5 0.5824999809265137 514.0007934570312 341.04278564453125 
0.0 0.5 0.6825000047683716 459.6204528808594 335.45159912109375 
0.0 0.5 0.7825000286102295 402.93109130859375 329.82763671875 
0.0 0.5 0.8824999928474426 343.9173583984375 324.8421936035156 
0.0 0.5 0.9825000166893005 283.4214782714844 318.51177978515625 
0.0 0.5 1.0824999809265137 219.87164306640625 312.81787109375 
0.0 0.6000000238418579 0.18250000476837158 715.47216796875 294.9879455566406 
0.0 0.6000000238418579 0.2824999988079071 668.0884399414062 288.8284912109375 
0.0 0.6000000238418579 0.3824999928474426 618.363525390625 283.30157470703125 
0.0 0.6000000238418579 0.48249998688697815 567.0924682617188 277.08984375 
0.0 0.6000000238418579 0.5824999809265137 514.2892456054688 270.86566162109375 
0.0 0.6000000238418579 0.6825000047683716 459.9775695800781 264.62744140625 
0.0 0.6000000238418579 0.7825000286102295 403.3681640625 257.6939392089844 
0.0 0.6000000238418579 0.8824999928474426 344.4960021972656 250.7388153076172 
0.0 0.6000000238418579 0.9825000166893005 283.313720703125 243.76661682128906 
0.0 0.6000000238418579 1.0824999809265137 220.7023162841797 236.12603759765625 
