1.0824999809265137 0.0 0.0 1658.366943359375 854.4859008789062 
 0.9825000166893005 0.0 0.0 1684.3568115234375 902.1994018554688 
 0.8824999928474426 0.0 0.0 1710.9039306640625 949.7675170898438 
 0.7825000286102295 0.0 0.0 1738.319091796875 1000.6865234375 
 0.6825000047683716 0.0 0.0 1766.2579345703125 1051.00537109375 
 0.5824999809265137 0.0 0.0 1795.330078125 1105.457763671875 
 0.48249998688697815 0.0 0.0 1825.144287109375 1159.6343994140625 
 0.3824999928474426 0.0 0.0 1856.372802734375 1217.199462890625 
 0.2824999988079071 0.0 0.0 1888.666259765625 1275.6920166015625 
 0.18250000476837158 0.0 0.0 1922.38134765625 1336.5826416015625 
 1.0824999809265137 0.10000000149011612 0.0 1573.729248046875 855.919921875 
 0.9825000166893005 0.10000000149011612 0.0 1598.2955322265625 903.0005493164062 
 0.8824999928474426 0.10000000149011612 0.0 1623.5660400390625 952.4688110351562 
 0.7825000286102295 0.10000000149011612 0.0 1649.9163818359375 1000.6173706054688 
 0.6825000047683716 0.10000000149011612 0.0 1676.0224609375 1053.953857421875 
 0.5824999809265137 0.10000000149011612 0.0 1704.4801025390625 1106.5523681640625 
 0.48249998688697815 0.10000000149011612 0.0 1732.3560791015625 1162.5313720703125 
 0.3824999928474426 0.10000000149011612 0.0 1762.5374755859375 1219.86767578125 
 0.2824999988079071 0.10000000149011612 0.0 1793.6075439453125 1279.2977294921875 
 0.18250000476837158 0.10000000149011612 0.0 1825.341064453125 1339.7581787109375 
 1.0824999809265137 0.20000000298023224 0.0 1487.8616943359375 856.7750854492188 
 0.9825000166893005 0.20000000298023224 0.0 1511.5145263671875 904.8052368164062 
 0.8824999928474426 0.20000000298023224 0.0 1536.16748046875 951.7890014648438 
 0.7825000286102295 0.20000000298023224 0.0 1559.8177490234375 1004.3524169921875 
 0.6825000047683716 0.20000000298023224 0.0 1585.4381103515625 1054.906005859375 
 0.5824999809265137 0.20000000298023224 0.0 1612.1302490234375 1110.3507080078125 
 0.48249998688697815 0.20000000298023224 0.0 1639.4232177734375 1165.2379150390625 
 0.3824999928474426 0.20000000298023224 0.0 1667.89501953125 1223.496337890625 
 0.2824999988079071 0.20000000298023224 0.0 1697.0146484375 1282.50439453125 
 0.18250000476837158 0.20000000298023224 0.0 1727.677490234375 1344.21826171875 
 1.0824999809265137 0.30000001192092896 0.0 1401.7935791015625 858.3214721679688 
 0.9825000166893005 0.30000001192092896 0.0 1424.150146484375 905.2744140625 
 0.8824999928474426 0.30000001192092896 0.0 1446.2657470703125 955.4762573242188 
 0.7825000286102295 0.30000001192092896 0.0 1470.0242919921875 1004.485107421875 
 0.6825000047683716 0.30000001192092896 0.0 1493.8914794921875 1058.1982421875 
 0.5824999809265137 0.30000001192092896 0.0 1519.6517333984375 1111.0157470703125 
 0.48249998688697815 0.30000001192092896 0.0 1544.94140625 1168.6505126953125 
 0.3824999928474426 0.30000001192092896 0.0 1571.7213134765625 1225.779541015625 
 0.2824999988079071 0.30000001192092896 0.0 1599.8463134765625 1286.128662109375 
 0.18250000476837158 0.30000001192092896 0.0 1628.5673828125 1347.689208984375 
 1.0824999809265137 0.4000000059604645 0.0 1314.3428955078125 858.81396484375 
 0.9825000166893005 0.4000000059604645 0.0 1335.314208984375 907.5471801757812 
 0.8824999928474426 0.4000000059604645 0.0 1356.888427734375 956.25 
 0.7825000286102295 0.4000000059604645 0.0 1378.59814453125 1008.04931640625 
 0.6825000047683716 0.4000000059604645 0.0 1401.690673828125 1058.98046875 
 0.5824999809265137 0.4000000059604645 0.0 1425.0269775390625 1114.6051025390625 
 0.48249998688697815 0.4000000059604645 0.0 1449.7537841796875 1169.953125 
 0.3824999928474426 0.4000000059604645 0.0 1475.1693115234375 1229.516845703125 
 0.2824999988079071 0.4000000059604645 0.0 1501.4390869140625 1288.98486328125 
 0.18250000476837158 0.4000000059604645 0.0 1528.3017578125 1351.0587158203125 
 1.0824999809265137 0.5 0.0 1226.6204833984375 860.4529418945312 
 0.9825000166893005 0.5 0.0 1246.3665771484375 908.3311767578125 
 0.8824999928474426 0.5 0.0 1266.235107421875 958.9032592773438 
 0.7825000286102295 0.5 0.0 1286.8896484375 1007.69091796875 
 0.6825000047683716 0.5 0.0 1307.453125 1062.01416015625 
 0.5824999809265137 0.5 0.0 1330.5701904296875 1116.4039306640625 
 0.48249998688697815 0.5 0.0 1352.5064697265625 1173.291748046875 
 0.3824999928474426 0.5 0.0 1377.3447265625 1232.015625 
 0.2824999988079071 0.5 0.0 1401.5888671875 1292.617431640625 
 0.18250000476837158 0.5 0.0 1427.48876953125 1355.2584228515625 
 1.0824999809265137 0.6000000238418579 0.0 1137.6202392578125 861.2799072265625 
 0.9825000166893005 0.6000000238418579 0.0 1155.71435546875 910.431884765625 
 0.8824999928474426 0.6000000238418579 0.0 1175.6766357421875 957.2433471679688 
 0.7825000286102295 0.6000000238418579 0.0 1193.64208984375 1011.966064453125 
 0.6825000047683716 0.6000000238418579 0.0 1214.4229736328125 1063.714111328125 
 0.5824999809265137 0.6000000238418579 0.0 1234.312744140625 1120.262451171875 
 0.48249998688697815 0.6000000238418579 0.0 1256.64501953125 1175.8555908203125 
 0.3824999928474426 0.6000000238418579 0.0 1278.3099365234375 1235.9415283203125 
 0.2824999988079071 0.6000000238418579 0.0 1301.3106689453125 1296.1717529296875 
 0.18250000476837158 0.6000000238418579 0.0 1324.9864501953125 1359.390869140625 
 