1.0824999809265137 0.0 0.0 1123.9683837890625 543.7216796875 
0.9825000166893005 0.0 0.0 1135.43896484375 576.3108520507812 
0.8824999928474426 0.0 0.0 1147.6192626953125 609.013671875 
0.7825000286102295 0.0 0.0 1159.3883056640625 643.8759155273438 
0.6825000047683716 0.0 0.0 1172.0477294921875 678.1724243164062 
0.5824999809265137 0.0 0.0 1184.8804931640625 715.32275390625 
0.48249998688697815 0.0 0.0 1198.3372802734375 753.291015625 
0.3824999928474426 0.0 0.0 1212.226806640625 792.7818603515625 
0.2824999988079071 0.0 0.0 1227.21240234375 833.809326171875 
0.18250000476837158 0.0 0.0 1241.9708251953125 876.3753662109375 
1.0824999809265137 0.10000000149011612 0.0 1065.5391845703125 544.0875854492188 
0.9825000166893005 0.10000000149011612 0.0 1075.6771240234375 575.9579467773438 
0.8824999928474426 0.10000000149011612 0.0 1086.91455078125 609.2896118164062 
0.7825000286102295 0.10000000149011612 0.0 1098.17626953125 642.7510375976562 
0.6825000047683716 0.10000000149011612 0.0 1108.9036865234375 679.0335083007812 
0.5824999809265137 0.10000000149011612 0.0 1121.0709228515625 715.45654296875 
0.48249998688697815 0.10000000149011612 0.0 1132.825439453125 754.0423583984375 
0.3824999928474426 0.10000000149011612 0.0 1146.5706787109375 793.5025024414062 
0.2824999988079071 0.10000000149011612 0.0 1160.0234375 834.4669799804688 
0.18250000476837158 0.10000000149011612 0.0 1173.2633056640625 876.9546508789062 
1.0824999809265137 0.20000000298023224 0.0 1006.015869140625 543.7632446289062 
0.9825000166893005 0.20000000298023224 0.0 1015.86279296875 576.2757568359375 
0.8824999928474426 0.20000000298023224 0.0 1025.9150390625 608.2109375 
0.7825000286102295 0.20000000298023224 0.0 1035.2294921875 643.631591796875 
0.6825000047683716 0.20000000298023224 0.0 1045.4376220703125 678.512939453125 
0.5824999809265137 0.20000000298023224 0.0 1056.48779296875 716.2425537109375 
0.48249998688697815 0.20000000298023224 0.0 1067.5718994140625 754.1085815429688 
0.3824999928474426 0.20000000298023224 0.0 1079.6368408203125 794.1797485351562 
0.2824999988079071 0.20000000298023224 0.0 1091.4349365234375 835.7685546875 
0.18250000476837158 0.20000000298023224 0.0 1104.505126953125 878.2174072265625 
1.0824999809265137 0.30000001192092896 0.0 946.5403442382812 543.4279174804688 
0.9825000166893005 0.30000001192092896 0.0 955.076904296875 575.22119140625 
0.8824999928474426 0.30000001192092896 0.0 963.1903686523438 609.1127319335938 
0.7825000286102295 0.30000001192092896 0.0 972.81787109375 642.4774780273438 
0.6825000047683716 0.30000001192092896 0.0 981.7938232421875 679.3417358398438 
0.5824999809265137 0.30000001192092896 0.0 992.3231201171875 715.66357421875 
0.48249998688697815 0.30000001192092896 0.0 1001.4330444335938 755.5057373046875 
0.3824999928474426 0.30000001192092896 0.0 1012.109375 794.8343505859375 
0.2824999988079071 0.30000001192092896 0.0 1023.0556030273438 836.3590698242188 
0.18250000476837158 0.30000001192092896 0.0 1034.4483642578125 879.428955078125 
1.0824999809265137 0.4000000059604645 0.0 885.8240356445312 543.0742797851562 
0.9825000166893005 0.4000000059604645 0.0 893.2720336914062 576.1611938476562 
0.8824999928474426 0.4000000059604645 0.0 901.5562133789062 608.6786499023438 
0.7825000286102295 0.4000000059604645 0.0 909.2901000976562 644.010986328125 
0.6825000047683716 0.4000000059604645 0.0 917.8596801757812 678.7955932617188 
0.5824999809265137 0.4000000059604645 0.0 925.7438354492188 717.0750122070312 
0.48249998688697815 0.4000000059604645 0.0 935.1919555664062 754.8338623046875 
0.3824999928474426 0.4000000059604645 0.0 943.8748779296875 796.1339111328125 
0.2824999988079071 0.4000000059604645 0.0 953.4287719726562 836.9075317382812 
0.18250000476837158 0.4000000059604645 0.0 963.26123046875 879.9060668945312 
1.0824999809265137 0.5 0.0 825.9296875 542.7240600585938 
0.9825000166893005 0.5 0.0 832.0719604492188 575.08935546875 
0.8824999928474426 0.5 0.0 838.42529296875 609.5621948242188 
0.7825000286102295 0.5 0.0 845.765380859375 642.82373046875 
0.6825000047683716 0.5 0.0 851.70947265625 679.5560302734375 
0.5824999809265137 0.5 0.0 860.4434814453125 716.4520263671875 
0.48249998688697815 0.5 0.0 867.3844604492188 755.4899291992188 
0.3824999928474426 0.5 0.0 875.412353515625 796.04150390625 
0.2824999988079071 0.5 0.0 883.8380126953125 838.1241455078125 
0.18250000476837158 0.5 0.0 892.1277465820312 881.0470581054688 
1.0824999809265137 0.6000000238418579 0.0 764.8077392578125 542.3484497070312 
0.9825000166893005 0.6000000238418579 0.0 769.98583984375 575.3334350585938 
0.8824999928474426 0.6000000238418579 0.0 776.8489990234375 607.1015014648438 
0.7825000286102295 0.6000000238418579 0.0 781.127197265625 644.3202514648438 
0.6825000047683716 0.6000000238418579 0.0 787.2570190429688 679.6599731445312 
0.5824999809265137 0.6000000238418579 0.0 792.8109130859375 717.8128662109375 
0.48249998688697815 0.6000000238418579 0.0 800.4749755859375 756.1458740234375 
0.3824999928474426 0.6000000238418579 0.0 806.1415405273438 797.297119140625 
0.2824999988079071 0.6000000238418579 0.0 813.1873779296875 838.6119995117188 
0.18250000476837158 0.6000000238418579 0.0 820.4972534179688 882.1445922851562 
