1.0824999809265137 0.0 0.0 2291.685791015625 1069.2020263671875 
 0.9825000166893005 0.0 0.0 2181.229736328125 1069.20068359375 
 0.8824999928474426 0.0 0.0 2074.23046875 1069.165283203125 
 0.7825000286102295 0.0 0.0 1970.58642578125 1069.2393798828125 
 0.6825000047683716 0.0 0.0 1870.0906982421875 1069.26123046875 
 0.5824999809265137 0.0 0.0 1772.5501708984375 1069.2874755859375 
 0.48249998688697815 0.0 0.0 1677.7076416015625 1069.358154296875 
 0.3824999928474426 0.0 0.0 1585.32958984375 1069.457763671875 
 0.2824999988079071 0.0 0.0 1495.330810546875 1069.4781494140625 
 0.18250000476837158 0.0 0.0 1407.7403564453125 1069.576171875 
 1.0824999809265137 0.10000000149011612 0.0 2290.241455078125 948.1505126953125 
 0.9825000166893005 0.10000000149011612 0.0 2179.72412109375 950.1220092773438 
 0.8824999928474426 0.10000000149011612 0.0 2072.6494140625 951.9624633789062 
 0.7825000286102295 0.10000000149011612 0.0 1968.9813232421875 953.7572631835938 
 0.6825000047683716 0.10000000149011612 0.0 1868.452880859375 955.5202026367188 
 0.5824999809265137 0.10000000149011612 0.0 1770.838134765625 957.2381591796875 
 0.48249998688697815 0.10000000149011612 0.0 1676.11181640625 958.8515625 
 0.3824999928474426 0.10000000149011612 0.0 1583.679931640625 960.5158081054688 
 0.2824999988079071 0.10000000149011612 0.0 1493.6383056640625 962.1060180664062 
 0.18250000476837158 0.10000000149011612 0.0 1406.0362548828125 963.7203369140625 
 1.0824999809265137 0.20000000298023224 0.0 2288.565185546875 827.0038452148438 
 0.9825000166893005 0.20000000298023224 0.0 2178.052978515625 830.8316650390625 
 0.8824999928474426 0.20000000298023224 0.0 2070.993896484375 834.5490112304688 
 0.7825000286102295 0.20000000298023224 0.0 1967.29541015625 838.3004150390625 
 0.6825000047683716 0.20000000298023224 0.0 1866.713623046875 841.6806640625 
 0.5824999809265137 0.20000000298023224 0.0 1768.983154296875 845.0582275390625 
 0.48249998688697815 0.20000000298023224 0.0 1674.3201904296875 848.36279296875 
 0.3824999928474426 0.20000000298023224 0.0 1581.8804931640625 851.6253662109375 
 0.2824999988079071 0.20000000298023224 0.0 1491.8365478515625 854.7760620117188 
 0.18250000476837158 0.20000000298023224 0.0 1404.2869873046875 857.8058471679688 
 1.0824999809265137 0.30000001192092896 0.0 2286.96923828125 705.6840209960938 
 0.9825000166893005 0.30000001192092896 0.0 2176.3193359375 711.5414428710938 
 0.8824999928474426 0.30000001192092896 0.0 2069.2119140625 717.2401123046875 
 0.7825000286102295 0.30000001192092896 0.0 1965.3944091796875 722.618408203125 
 0.6825000047683716 0.30000001192092896 0.0 1864.7666015625 727.8005981445312 
 0.5824999809265137 0.30000001192092896 0.0 1766.7359619140625 732.938720703125 
 0.48249998688697815 0.30000001192092896 0.0 1672.364990234375 737.9137573242188 
 0.3824999928474426 0.30000001192092896 0.0 1579.9813232421875 742.6005249023438 
 0.2824999988079071 0.30000001192092896 0.0 1489.9539794921875 747.2554321289062 
 0.18250000476837158 0.30000001192092896 0.0 1402.41943359375 751.8197021484375 
 1.0824999809265137 0.4000000059604645 0.0 2285.228271484375 584.3521728515625 
 0.9825000166893005 0.4000000059604645 0.0 2174.650634765625 592.1275024414062 
 0.8824999928474426 0.4000000059604645 0.0 2067.472412109375 599.5869140625 
 0.7825000286102295 0.4000000059604645 0.0 1963.8948974609375 606.77490234375 
 0.6825000047683716 0.4000000059604645 0.0 1862.9801025390625 613.8697509765625 
 0.5824999809265137 0.4000000059604645 0.0 1765.4410400390625 620.6494750976562 
 0.48249998688697815 0.4000000059604645 0.0 1670.5322265625 627.2462158203125 
 0.3824999928474426 0.4000000059604645 0.0 1578.20166015625 633.6393432617188 
 0.2824999988079071 0.4000000059604645 0.0 1487.9661865234375 639.7257690429688 
 0.18250000476837158 0.4000000059604645 0.0 1400.46875 645.709228515625 
 1.0824999809265137 0.5 0.0 2283.693603515625 462.6776123046875 
 0.9825000166893005 0.5 0.0 2173.0595703125 472.4356384277344 
 0.8824999928474426 0.5 0.0 2065.7421875 481.8843078613281 
 0.7825000286102295 0.5 0.0 1961.8741455078125 490.9147033691406 
 0.6825000047683716 0.5 0.0 1861.0645751953125 499.7216796875 
 0.5824999809265137 0.5 0.0 1763.4388427734375 508.25640869140625 
 0.48249998688697815 0.5 0.0 1668.5972900390625 516.496337890625 
 0.3824999928474426 0.5 0.0 1576.150390625 524.4929809570312 
 0.2824999988079071 0.5 0.0 1486.1129150390625 532.0322875976562 
 0.18250000476837158 0.5 0.0 1398.5634765625 539.59716796875 
 1.0824999809265137 0.6000000238418579 0.0 2282.12548828125 340.7262878417969 
 0.9825000166893005 0.6000000238418579 0.0 2171.324462890625 352.4852294921875 
 0.8824999928474426 0.6000000238418579 0.0 2064.043212890625 363.7980651855469 
 0.7825000286102295 0.6000000238418579 0.0 1959.9530029296875 374.75653076171875 
 0.6825000047683716 0.6000000238418579 0.0 1859.316162109375 385.3876037597656 
 0.5824999809265137 0.6000000238418579 0.0 1761.384033203125 395.6001892089844 
 0.48249998688697815 0.6000000238418579 0.0 1666.5322265625 405.46759033203125 
 0.3824999928474426 0.6000000238418579 0.0 1574.118408203125 414.9617614746094 
 0.2824999988079071 0.6000000238418579 0.0 1484.0960693359375 424.3205871582031 
 0.18250000476837158 0.6000000238418579 0.0 1396.54833984375 433.2715759277344 
 0.0 0.0 0.18250000476837158 1138.7698974609375 1075.926025390625 
 0.0 0.0 0.2824999988079071 1069.7315673828125 1078.840576171875 
 0.0 0.0 0.3824999928474426 998.2180786132812 1081.9515380859375 
 0.0 0.0 0.48249998688697815 924.0182495117188 1085.215087890625 
 0.0 0.0 0.5824999809265137 846.9281616210938 1088.451171875 
 0.0 0.0 0.6825000047683716 766.74560546875 1091.9071044921875 
 0.0 0.0 0.7825000286102295 683.3079833984375 1095.50390625 
 0.0 0.0 0.8824999928474426 596.8585815429688 1099.200439453125 
 0.0 0.0 0.9825000166893005 506.8277282714844 1103.0574951171875 
 0.0 0.0 1.0824999809265137 412.841796875 1107.194091796875 
 0.0 0.10000000149011612 0.18250000476837158 1137.1044921875 969.2213134765625 
 0.0 0.10000000149011612 0.2824999988079071 1067.92138671875 970.2971801757812 
 0.0 0.10000000149011612 0.3824999928474426 996.2467651367188 971.2762451171875 
 0.0 0.10000000149011612 0.48249998688697815 921.9910888671875 972.4989624023438 
 0.0 0.10000000149011612 0.5824999809265137 844.83447265625 973.6259155273438 
 0.0 0.10000000149011612 0.6825000047683716 764.67138671875 974.794189453125 
 0.0 0.10000000149011612 0.7825000286102295 681.3361206054688 976.0394897460938 
 0.0 0.10000000149011612 0.8824999928474426 594.6657104492188 977.37109375 
 0.0 0.10000000149011612 0.9825000166893005 504.51861572265625 978.7453002929688 
 0.0 0.10000000149011612 1.0824999809265137 410.56756591796875 980.18212890625 
 0.0 0.20000000298023224 0.18250000476837158 1135.394287109375 862.4926147460938 
 0.0 0.20000000298023224 0.2824999988079071 1066.163330078125 861.581787109375 
 0.0 0.20000000298023224 0.3824999928474426 994.42724609375 860.6830444335938 
 0.0 0.20000000298023224 0.48249998688697815 920.1522216796875 859.7223510742188 
 0.0 0.20000000298023224 0.5824999809265137 842.882568359375 858.782958984375 
 0.0 0.20000000298023224 0.6825000047683716 762.8961181640625 857.7517700195312 
 0.0 0.20000000298023224 0.7825000286102295 679.3497924804688 856.585693359375 
 0.0 0.20000000298023224 0.8824999928474426 592.60107421875 855.467041015625 
 0.0 0.20000000298023224 0.9825000166893005 502.2940673828125 854.391845703125 
 0.0 0.20000000298023224 1.0824999809265137 408.3203430175781 853.1389770507812 
 0.0 0.30000001192092896 0.18250000476837158 1133.72607421875 755.6375732421875 
 0.0 0.30000001192092896 0.2824999988079071 1064.434814453125 752.8421630859375 
 0.0 0.30000001192092896 0.3824999928474426 992.5859375 749.872802734375 
 0.0 0.30000001192092896 0.48249998688697815 918.2601318359375 746.8839721679688 
 0.0 0.30000001192092896 0.5824999809265137 841.134033203125 743.7074584960938 
 0.0 0.30000001192092896 0.6825000047683716 760.764404296875 740.5215454101562 
 0.0 0.30000001192092896 0.7825000286102295 677.3390502929688 737.0415649414062 
 0.0 0.30000001192092896 0.8824999928474426 590.5293579101562 733.59521484375 
 0.0 0.30000001192092896 0.9825000166893005 500.23504638671875 729.8067016601562 
 0.0 0.30000001192092896 1.0824999809265137 405.999267578125 726.0081787109375 
 0.0 0.4000000059604645 0.18250000476837158 1132.1314697265625 648.7506713867188 
 0.0 0.4000000059604645 0.2824999988079071 1062.7310791015625 644.0200805664062 
 0.0 0.4000000059604645 0.3824999928474426 991.0036010742188 639.1445922851562 
 0.0 0.4000000059604645 0.48249998688697815 916.55517578125 634.0501708984375 
 0.0 0.4000000059604645 0.5824999809265137 839.3250732421875 628.7437744140625 
 0.0 0.4000000059604645 0.6825000047683716 758.8970947265625 623.19921875 
 0.0 0.4000000059604645 0.7825000286102295 675.31103515625 617.5263061523438 
 0.0 0.4000000059604645 0.8824999928474426 588.5215454101562 611.5494995117188 
 0.0 0.4000000059604645 0.9825000166893005 497.9505920410156 605.2839965820312 
 0.0 0.4000000059604645 1.0824999809265137 403.7522277832031 598.7998046875 
 0.0 0.5 0.18250000476837158 1130.3939208984375 541.7444458007812 
 0.0 0.5 0.2824999988079071 1060.98095703125 535.1228637695312 
 0.0 0.5 0.3824999928474426 989.0758056640625 528.2277221679688 
 0.0 0.5 0.48249998688697815 914.550048828125 521.0419921875 
 0.0 0.5 0.5824999809265137 837.4044189453125 513.6773071289062 
 0.0 0.5 0.6825000047683716 756.94873046875 505.8705139160156 
 0.0 0.5 0.7825000286102295 673.4033203125 497.70782470703125 
 0.0 0.5 0.8824999928474426 586.4937133789062 489.3357238769531 
 0.0 0.5 0.9825000166893005 495.9932861328125 480.3841247558594 
 0.0 0.5 1.0824999809265137 401.5686340332031 471.2761535644531 
 0.0 0.6000000238418579 0.18250000476837158 1128.5474853515625 434.69287109375 
 0.0 0.6000000238418579 0.2824999988079071 1059.19580078125 426.0739440917969 
 0.0 0.6000000238418579 0.3824999928474426 987.1678466796875 417.2059326171875 
 0.0 0.6000000238418579 0.48249998688697815 912.6431884765625 407.95635986328125 
 0.0 0.6000000238418579 0.5824999809265137 835.2881469726562 398.2711486816406 
 0.0 0.6000000238418579 0.6825000047683716 754.907470703125 388.2778625488281 
 0.0 0.6000000238418579 0.7825000286102295 671.1036376953125 377.7467956542969 
 0.0 0.6000000238418579 0.8824999928474426 584.1666870117188 366.8013610839844 
 0.0 0.6000000238418579 0.9825000166893005 493.51434326171875 355.4097595214844 
 0.0 0.6000000238418579 1.0824999809265137 398.9920959472656 343.55352783203125 
 