1.0824999809265137 0.0 0.0 1434.541259765625 698.7017211914062 
0.9825000166893005 0.0 0.0 1364.8084716796875 697.1693115234375 
0.8824999928474426 0.0 0.0 1297.86572265625 695.6854858398438 
0.7825000286102295 0.0 0.0 1233.7000732421875 694.253662109375 
0.6825000047683716 0.0 0.0 1171.0462646484375 692.8434448242188 
0.5824999809265137 0.0 0.0 1111.1312255859375 691.4911499023438 
0.48249998688697815 0.0 0.0 1052.7056884765625 690.1636962890625 
0.3824999928474426 0.0 0.0 995.711669921875 688.865478515625 
0.2824999988079071 0.0 0.0 940.7794799804688 687.609619140625 
0.18250000476837158 0.0 0.0 887.8978271484375 687.0780639648438 
1.0824999809265137 0.10000000149011612 0.0 1434.1231689453125 614.5089111328125 
0.9825000166893005 0.10000000149011612 0.0 1365.0833740234375 614.5843505859375 
0.8824999928474426 0.10000000149011612 0.0 1298.1939697265625 614.6932983398438 
0.7825000286102295 0.10000000149011612 0.0 1233.454833984375 614.82177734375 
0.6825000047683716 0.10000000149011612 0.0 1170.845703125 614.9869995117188 
0.5824999809265137 0.10000000149011612 0.0 1110.9697265625 614.5071411132812 
0.48249998688697815 0.10000000149011612 0.0 1052.5703125 614.7391357421875 
0.3824999928474426 0.10000000149011612 0.0 996.2119750976562 615.00146484375 
0.2824999988079071 0.10000000149011612 0.0 941.3309936523438 614.6063842773438 
0.18250000476837158 0.10000000149011612 0.0 887.8684692382812 614.9148559570312 
1.0824999809265137 0.20000000298023224 0.0 1434.28173828125 530.4805297851562 
0.9825000166893005 0.20000000298023224 0.0 1364.680908203125 532.1237182617188 
0.8824999928474426 0.20000000298023224 0.0 1297.8531494140625 533.8057250976562 
0.7825000286102295 0.20000000298023224 0.0 1233.18994140625 534.8274536132812 
0.6825000047683716 0.20000000298023224 0.0 1171.2452392578125 536.5762939453125 
0.5824999809265137 0.20000000298023224 0.0 1110.782470703125 537.6539916992188 
0.48249998688697815 0.20000000298023224 0.0 1052.4283447265625 538.7590942382812 
0.3824999928474426 0.20000000298023224 0.0 996.1102294921875 540.5699462890625 
0.2824999988079071 0.20000000298023224 0.0 941.2488403320312 541.70849609375 
0.18250000476837158 0.20000000298023224 0.0 887.8280639648438 542.86279296875 
1.0824999809265137 0.30000001192092896 0.0 1433.77978515625 446.6275939941406 
0.9825000166893005 0.30000001192092896 0.0 1364.2646484375 449.8408508300781 
0.8824999928474426 0.30000001192092896 0.0 1297.5048828125 452.4104309082031 
0.7825000286102295 0.30000001192092896 0.0 1232.8790283203125 455.68939208984375 
0.6825000047683716 0.30000001192092896 0.0 1170.9906005859375 458.3131103515625 
0.5824999809265137 0.30000001192092896 0.0 1110.5697021484375 460.9459533691406 
0.48249998688697815 0.30000001192092896 0.0 1052.2689208984375 463.5989685058594 
0.3824999928474426 0.30000001192092896 0.0 995.996826171875 466.2667236328125 
0.2824999988079071 0.30000001192092896 0.0 941.1715698242188 468.2508850097656 
0.18250000476837158 0.30000001192092896 0.0 887.7801513671875 470.92633056640625 
1.0824999809265137 0.4000000059604645 0.0 1433.2344970703125 362.2852478027344 
0.9825000166893005 0.4000000059604645 0.0 1364.43701171875 367.0744934082031 
0.8824999928474426 0.4000000059604645 0.0 1297.1297607421875 371.88616943359375 
0.7825000286102295 0.4000000059604645 0.0 1233.1873779296875 376.04046630859375 
0.6825000047683716 0.4000000059604645 0.0 1170.7440185546875 380.2175598144531 
0.5824999809265137 0.4000000059604645 0.0 1110.39013671875 384.40545654296875 
0.48249998688697815 0.4000000059604645 0.0 1052.7423095703125 387.9183654785156 
0.3824999928474426 0.4000000059604645 0.0 995.8784790039062 392.1024475097656 
0.2824999988079071 0.4000000059604645 0.0 941.0781860351562 395.6092529296875 
0.18250000476837158 0.4000000059604645 0.0 887.7199096679688 399.110595703125 
1.0824999809265137 0.5 0.0 1433.3330078125 278.8661804199219 
0.9825000166893005 0.5 0.0 1363.990966796875 284.508056640625 
0.8824999928474426 0.5 0.0 1297.3634033203125 290.8780212402344 
0.7825000286102295 0.5 0.0 1232.869384765625 296.58038330078125 
0.6825000047683716 0.5 0.0 1170.461181640625 302.2989196777344 
0.5824999809265137 0.5 0.0 1110.1707763671875 307.3405456542969 
0.48249998688697815 0.5 0.0 1052.57568359375 312.3864440917969 
0.3824999928474426 0.5 0.0 995.7628173828125 317.4085388183594 
0.2824999988079071 0.5 0.0 941.0001220703125 322.43060302734375 
0.18250000476837158 0.5 0.0 888.2743530273438 327.4426574707031 
1.0824999809265137 0.6000000238418579 0.0 1432.7200927734375 195.02676391601562 
0.9825000166893005 0.6000000238418579 0.0 1363.480712890625 202.19781494140625 
0.8824999928474426 0.6000000238418579 0.0 1296.94384765625 210.09205627441406 
0.7825000286102295 0.6000000238418579 0.0 1232.52392578125 217.32679748535156 
0.6825000047683716 0.6000000238418579 0.0 1170.19091796875 223.89468383789062 
0.5824999809265137 0.6000000238418579 0.0 1109.934326171875 231.14039611816406 
0.48249998688697815 0.6000000238418579 0.0 1052.3831787109375 237.02337646484375 
0.3824999928474426 0.6000000238418579 0.0 995.619873046875 243.55474853515625 
0.2824999988079071 0.6000000238418579 0.0 940.9110107421875 249.40255737304688 
0.18250000476837158 0.6000000238418579 0.0 888.2269287109375 255.2362823486328 
0.0 0.0 0.18250000476837158 702.8170776367188 687.4960327148438 
0.0 0.0 0.2824999988079071 648.059326171875 688.6090698242188 
0.0 0.0 0.3824999928474426 590.9044189453125 689.6741943359375 
0.0 0.0 0.48249998688697815 532.1685791015625 690.70947265625 
0.0 0.0 0.5824999809265137 471.0660095214844 691.7045288085938 
0.0 0.0 0.6825000047683716 407.60986328125 693.33349609375 
0.0 0.0 0.7825000286102295 340.968994140625 694.9013671875 
0.0 0.0 0.8824999928474426 272.7756652832031 695.7572631835938 
0.0 0.0 0.9825000166893005 201.38424682617188 697.23193359375 
0.0 0.0 1.0824999809265137 126.92334747314453 698.6392822265625 
0.0 0.10000000149011612 0.18250000476837158 702.8871459960938 614.9207153320312 
0.0 0.10000000149011612 0.2824999988079071 648.2022094726562 614.6727294921875 
0.0 0.10000000149011612 0.3824999928474426 591.1435546875 614.3760986328125 
0.0 0.10000000149011612 0.48249998688697815 532.4932250976562 614.0554809570312 
0.0 0.10000000149011612 0.5824999809265137 471.446533203125 614.3698120117188 
0.0 0.10000000149011612 0.6825000047683716 408.0960388183594 613.9675903320312 
0.0 0.10000000149011612 0.7825000286102295 341.5668640136719 613.50146484375 
0.0 0.10000000149011612 0.8824999928474426 273.46368408203125 613.0052490234375 
0.0 0.10000000149011612 0.9825000166893005 202.1934356689453 613.1358642578125 
0.0 0.10000000149011612 1.0824999809265137 127.86881256103516 612.5311279296875 
0.0 0.20000000298023224 0.18250000476837158 702.9464721679688 542.440185546875 
0.0 0.20000000298023224 0.2824999988079071 648.3281860351562 541.5074462890625 
0.0 0.20000000298023224 0.3824999928474426 591.3387451171875 539.8619995117188 
0.0 0.20000000298023224 0.48249998688697815 532.7738647460938 538.1898803710938 
0.0 0.20000000298023224 0.5824999809265137 471.8345642089844 536.477294921875 
0.0 0.20000000298023224 0.6825000047683716 408.56207275390625 534.7200927734375 
0.0 0.20000000298023224 0.7825000286102295 342.1279296875 532.9103393554688 
0.0 0.20000000298023224 0.8824999928474426 274.1600341796875 530.3934326171875 
0.0 0.20000000298023224 0.9825000166893005 202.2340545654297 528.5011596679688 
0.0 0.20000000298023224 1.0824999809265137 128.02200317382812 526.568115234375 
0.0 0.30000001192092896 0.18250000476837158 703.78369140625 470.7669372558594 
0.0 0.30000001192092896 0.2824999988079071 648.4553833007812 467.7928161621094 
0.0 0.30000001192092896 0.3824999928474426 592.3435668945312 464.8088684082031 
0.0 0.30000001192092896 0.48249998688697815 533.0603637695312 461.7733154296875 
0.0 0.30000001192092896 0.5824999809265137 472.2134094238281 458.711181640625 
0.0 0.30000001192092896 0.6825000047683716 409.0223693847656 455.6129455566406 
0.0 0.30000001192092896 0.7825000286102295 342.7139892578125 451.7857360839844 
0.0 0.30000001192092896 0.8824999928474426 274.8370361328125 448.6144104003906 
0.0 0.30000001192092896 0.9825000166893005 203.0360870361328 444.7080993652344 
0.0 0.30000001192092896 1.0824999809265137 128.9822235107422 440.78363037109375 
0.0 0.4000000059604645 0.18250000476837158 703.87109375 398.5278625488281 
0.0 0.4000000059604645 0.2824999988079071 649.397216796875 394.22247314453125 
0.0 0.4000000059604645 0.3824999928474426 592.563232421875 389.8768005371094 
0.0 0.4000000059604645 0.48249998688697815 534.1484985351562 385.51727294921875 
0.0 0.4000000059604645 0.5824999809265137 472.5972595214844 381.0992431640625 
0.0 0.4000000059604645 0.6825000047683716 409.5333251953125 375.98883056640625 
0.0 0.4000000059604645 0.7825000286102295 343.31524658203125 371.4996337890625 
0.0 0.4000000059604645 0.8824999928474426 275.5701599121094 366.3282470703125 
0.0 0.4000000059604645 0.9825000166893005 203.92959594726562 360.4218444824219 
0.0 0.4000000059604645 1.0824999809265137 130.00347900390625 355.1822509765625 
0.0 0.5 0.18250000476837158 703.9833374023438 326.4337158203125 
0.0 0.5 0.2824999988079071 649.5831298828125 320.7753601074219 
0.0 0.5 0.3824999928474426 592.839599609375 315.090087890625 
0.0 0.5 0.48249998688697815 534.5152587890625 309.3836975097656 
0.0 0.5 0.5824999809265137 473.0517883300781 303.63427734375 
0.0 0.5 0.6825000047683716 410.0586242675781 297.1908874511719 
0.0 0.5 0.7825000286102295 343.9671936035156 290.7108459472656 
0.0 0.5 0.8824999928474426 275.57275390625 283.5322265625 
0.0 0.5 0.9825000166893005 204.8479766845703 276.3373107910156 
0.0 0.5 1.0824999809265137 131.09490966796875 269.11370849609375 
0.0 0.6000000238418579 0.18250000476837158 704.92626953125 254.50540161132812 
0.0 0.6000000238418579 0.2824999988079071 649.8075561523438 247.5005645751953 
0.0 0.6000000238418579 0.3824999928474426 593.1490478515625 240.47833251953125 
0.0 0.6000000238418579 0.48249998688697815 534.9052124023438 233.43556213378906 
0.0 0.6000000238418579 0.5824999809265137 473.54656982421875 225.67990112304688 
0.0 0.6000000238418579 0.6825000047683716 410.65966796875 217.91720581054688 
0.0 0.6000000238418579 0.7825000286102295 344.6656494140625 210.1242218017578 
0.0 0.6000000238418579 0.8824999928474426 276.4227294921875 201.64834594726562 
0.0 0.6000000238418579 0.9825000166893005 205.865966796875 192.48526000976562 
0.0 0.6000000238418579 1.0824999809265137 131.51412963867188 183.98683166503906 
