1.0825 0.0 0.0 1980.5296630859375 1037.4385986328125 
 0.9825 0.0 0.0 1901.6083984375 1037.653564453125 
 0.8825 0.0 0.0 1824.5260009765625 1037.843994140625 
 0.7825 0.0 0.0 1749.2828369140625 1038.2083740234375 
 0.6825 0.0 0.0 1675.556396484375 1038.44091796875 
 0.5825 0.0 0.0 1603.5205078125 1038.7093505859375 
 0.48249999999999993 0.0 0.0 1532.9327392578125 1038.9510498046875 
 0.38249999999999995 0.0 0.0 1463.7125244140625 1039.26806640625 
 0.2825 0.0 0.0 1395.7427978515625 1039.52490234375 
 0.1825 0.0 0.0 1329.214111328125 1039.806884765625 
 1.0825 0.1 0.0 1979.3797607421875 947.8121948242188 
 0.9825 0.1 0.0 1900.4898681640625 949.11865234375 
 0.8825 0.1 0.0 1823.4195556640625 950.4556884765625 
 0.7825 0.1 0.0 1748.097412109375 951.6248168945312 
 0.6825 0.1 0.0 1674.4267578125 952.8221435546875 
 0.5825 0.1 0.0 1602.3443603515625 954.0440063476562 
 0.48249999999999993 0.1 0.0 1531.799072265625 955.236572265625 
 0.38249999999999995 0.1 0.0 1462.5025634765625 956.3983764648438 
 0.2825 0.1 0.0 1394.5750732421875 957.505859375 
 0.1825 0.1 0.0 1327.984375 958.7450561523438 
 1.0825 0.2 0.0 1978.1165771484375 858.2128295898438 
 0.9825 0.2 0.0 1899.293212890625 860.4794921875 
 0.8825 0.2 0.0 1822.139892578125 862.7636108398438 
 0.7825 0.2 0.0 1746.803955078125 865.06640625 
 0.6825 0.2 0.0 1673.177490234375 867.2505493164062 
 0.5825 0.2 0.0 1601.009521484375 869.3704223632812 
 0.48249999999999993 0.2 0.0 1530.4984130859375 871.4476318359375 
 0.38249999999999995 0.2 0.0 1461.231201171875 873.5289916992188 
 0.2825 0.2 0.0 1393.3216552734375 875.5040283203125 
 0.1825 0.2 0.0 1326.7169189453125 877.4982299804688 
 1.0825 0.30000000000000004 0.0 1976.9422607421875 768.4774780273438 
 0.9825 0.30000000000000004 0.0 1897.9632568359375 771.8932495117188 
 0.8825 0.30000000000000004 0.0 1820.8848876953125 775.2457885742188 
 0.7825 0.30000000000000004 0.0 1745.41943359375 778.4492797851562 
 0.6825 0.30000000000000004 0.0 1671.73779296875 781.5411987304688 
 0.5825 0.30000000000000004 0.0 1599.3553466796875 784.7223510742188 
 0.48249999999999993 0.30000000000000004 0.0 1529.071533203125 787.673583984375 
 0.38249999999999995 0.30000000000000004 0.0 1459.8404541015625 790.6204223632812 
 0.2825 0.30000000000000004 0.0 1391.87548828125 793.5057373046875 
 0.1825 0.30000000000000004 0.0 1325.3636474609375 796.3735961914062 
 1.0825 0.4 0.0 1975.5101318359375 678.7154541015625 
 0.9825 0.4 0.0 1896.7098388671875 683.2521362304688 
 0.8825 0.4 0.0 1819.55419921875 687.4711303710938 
 0.7825 0.4 0.0 1744.2684326171875 691.7244873046875 
 0.6825 0.4 0.0 1670.46142578125 695.8530883789062 
 0.5825 0.4 0.0 1598.351318359375 699.8720092773438 
 0.48249999999999993 0.4 0.0 1527.7694091796875 703.7717895507812 
 0.38249999999999995 0.4 0.0 1458.5186767578125 707.6840209960938 
 0.2825 0.4 0.0 1390.5181884765625 711.3944091796875 
 0.1825 0.4 0.0 1323.960205078125 715.035400390625 
 1.0825 0.5 0.0 1974.3717041015625 588.7994995117188 
 0.9825 0.5 0.0 1895.4132080078125 594.37353515625 
 0.8825 0.5 0.0 1818.324951171875 599.730224609375 
 0.7825 0.5 0.0 1742.8148193359375 604.9533081054688 
 0.6825 0.5 0.0 1669.10888671875 610.0650634765625 
 0.5825 0.5 0.0 1596.904052734375 615.0572509765625 
 0.48249999999999993 0.5 0.0 1526.43994140625 619.8629760742188 
 0.38249999999999995 0.5 0.0 1457.076904296875 624.6971435546875 
 0.2825 0.5 0.0 1389.175048828125 629.25244140625 
 0.1825 0.5 0.0 1322.5958251953125 633.809814453125 
 1.0825 0.6000000000000001 0.0 1973.0616455078125 498.822509765625 
 0.9825 0.6000000000000001 0.0 1894.0037841796875 505.4290466308594 
 0.8825 0.6000000000000001 0.0 1816.845703125 511.79107666015625 
 0.7825 0.6000000000000001 0.0 1741.412109375 517.9874877929688 
 0.6825 0.6000000000000001 0.0 1667.6707763671875 524.2037963867188 
 0.5825 0.6000000000000001 0.0 1595.4356689453125 530.1014404296875 
 0.48249999999999993 0.6000000000000001 0.0 1524.8565673828125 535.8863525390625 
 0.38249999999999995 0.6000000000000001 0.0 1455.617431640625 541.550048828125 
 0.2825 0.6000000000000001 0.0 1387.6695556640625 547.0336303710938 
 0.1825 0.6000000000000001 0.0 1321.1971435546875 552.3242797851562 
 0.0 0.0 0.1825 1123.269287109375 1044.2593994140625 
 0.0 0.0 0.2825 1071.214599609375 1046.130615234375 
 0.0 0.0 0.3825 1017.5869140625 1047.9302978515625 
 0.0 0.0 0.48250000000000004 962.5537109375 1049.8338623046875 
 0.0 0.0 0.5825 905.84326171875 1051.8201904296875 
 0.0 0.0 0.6825 847.3836059570312 1053.880859375 
 0.0 0.0 0.7825000000000001 787.1647338867188 1056.033203125 
 0.0 0.0 0.8825000000000001 725.4518432617188 1058.1343994140625 
 0.0 0.0 0.9825 661.710205078125 1060.437255859375 
 0.0 0.0 1.0825 595.9293212890625 1062.6500244140625 
 0.0 0.1 0.1825 1122.12158203125 962.6458129882812 
 0.0 0.1 0.2825 1069.8233642578125 963.3179321289062 
 0.0 0.1 0.3825 1016.2486572265625 963.9254760742188 
 0.0 0.1 0.48250000000000004 961.1602783203125 964.7200927734375 
 0.0 0.1 0.5825 904.4456176757812 965.4508056640625 
 0.0 0.1 0.6825 846.0371704101562 966.2548828125 
 0.0 0.1 0.7825000000000001 785.7808227539062 966.9718017578125 
 0.0 0.1 0.8825000000000001 723.9151000976562 967.8287963867188 
 0.0 0.1 0.9825 660.1893310546875 968.666015625 
 0.0 0.1 1.0825 594.3837890625 969.5350341796875 
 0.0 0.2 0.1825 1120.859130859375 880.8455810546875 
 0.0 0.2 0.2825 1068.6361083984375 880.468017578125 
 0.0 0.2 0.3825 1014.9262084960938 880.004638671875 
 0.0 0.2 0.48250000000000004 959.8544311523438 879.5626831054688 
 0.0 0.2 0.5825 903.0582275390625 879.1085815429688 
 0.0 0.2 0.6825 844.6889038085938 878.5858764648438 
 0.0 0.2 0.7825000000000001 784.4539184570312 878.0094604492188 
 0.0 0.2 0.8825000000000001 722.4667358398438 877.4580078125 
 0.0 0.2 0.9825 658.704345703125 877.0068359375 
 0.0 0.2 1.0825 592.8739013671875 876.3851928710938 
 0.0 0.30000000000000004 0.1825 1119.694091796875 799.2145385742188 
 0.0 0.30000000000000004 0.2825 1067.44189453125 797.600830078125 
 0.0 0.30000000000000004 0.3825 1013.68798828125 795.91943359375 
 0.0 0.30000000000000004 0.48250000000000004 958.5265502929688 794.3741455078125 
 0.0 0.30000000000000004 0.5825 901.8578491210938 792.59912109375 
 0.0 0.30000000000000004 0.6825 843.375244140625 790.8877563476562 
 0.0 0.30000000000000004 0.7825000000000001 783.1427001953125 788.9395141601562 
 0.0 0.30000000000000004 0.8825000000000001 721.1742553710938 787.1949462890625 
 0.0 0.30000000000000004 0.9825 657.3314819335938 785.1847534179688 
 0.0 0.30000000000000004 1.0825 591.5039672851562 783.2191772460938 
 0.0 0.4 0.1825 1118.560791015625 717.4004516601562 
 0.0 0.4 0.2825 1066.2545166015625 714.7255859375 
 0.0 0.4 0.3825 1012.6068115234375 711.9320068359375 
 0.0 0.4 0.48250000000000004 957.4004516601562 709.060791015625 
 0.0 0.4 0.5825 900.6590576171875 706.1049194335938 
 0.0 0.4 0.6825 842.106201171875 703.0418090820312 
 0.0 0.4 0.7825000000000001 781.8479614257812 699.8917846679688 
 0.0 0.4 0.8825000000000001 719.78271484375 696.6554565429688 
 0.0 0.4 0.9825 655.881591796875 693.3784790039062 
 0.0 0.4 1.0825 590.1167602539062 689.9165649414062 
 0.0 0.5 0.1825 1117.396484375 635.6061401367188 
 0.0 0.5 0.2825 1065.045166015625 631.7274169921875 
 0.0 0.5 0.3825 1011.2626953125 627.7732543945312 
 0.0 0.5 0.48250000000000004 956.0206909179688 623.7537231445312 
 0.0 0.5 0.5825 899.2652587890625 619.5537109375 
 0.0 0.5 0.6825 840.7390747070312 615.2643432617188 
 0.0 0.5 0.7825000000000001 780.6068115234375 610.7488403320312 
 0.0 0.5 0.8825000000000001 718.5807495117188 606.2578125 
 0.0 0.5 0.9825 654.6813354492188 601.4147338867188 
 0.0 0.5 1.0825 588.7398071289062 596.5606689453125 
 0.0 0.6000000000000001 0.1825 1116.0982666015625 553.6231079101562 
 0.0 0.6000000000000001 0.2825 1063.689208984375 548.72314453125 
 0.0 0.6000000000000001 0.3825 1009.9193725585938 543.6134033203125 
 0.0 0.6000000000000001 0.48250000000000004 954.6383056640625 538.3474731445312 
 0.0 0.6000000000000001 0.5825 897.8411865234375 532.9267578125 
 0.0 0.6000000000000001 0.6825 839.3980102539062 527.3540649414062 
 0.0 0.6000000000000001 0.7825000000000001 779.0302734375 521.5982055664062 
 0.0 0.6000000000000001 0.8825000000000001 716.8959350585938 515.4866333007812 
 0.0 0.6000000000000001 0.9825 653.0106201171875 509.39312744140625 
 0.0 0.6000000000000001 1.0825 587.0846557617188 503.067626953125 
 