4.8500000000000005 0.0 0.0 2380.93359375 1019.65283203125 
4.250000000000001 0.0 0.0 2215.266845703125 1029.235595703125 
3.650000000000001 0.0 0.0 2056.55908203125 1048.869384765625 
3.0500000000000007 0.0 0.0 1912.4188232421875 1062.421875 
2.4500000000000006 0.0 0.0 1760.749755859375 1082.4991455078125 
1.8500000000000005 0.0 0.0 1625.0888671875 1094.08154296875 
1.2500000000000004 0.0 0.0 1510.2662353515625 1105.601806640625 
0.6499999999999999 0.0 0.0 1378.8587646484375 1123.7598876953125 
4.550000000000001 0.30000000000000004 0.0 2289.458740234375 926.2171630859375 
3.9500000000000006 0.30000000000000004 0.0 2126.3291015625 946.2815551757812 
3.350000000000001 0.30000000000000004 0.0 1972.50732421875 964.4464721679688 
2.7500000000000004 0.30000000000000004 0.0 1825.2354736328125 978.4498291015625 
2.1500000000000004 0.30000000000000004 0.0 1690.2108154296875 997.7610473632812 
1.5500000000000005 0.30000000000000004 0.0 1557.62158203125 1007.6758422851562 
0.9500000000000004 0.30000000000000004 0.0 1435.7742919921875 1026.6739501953125 
0.3499999999999998 0.30000000000000004 0.0 1317.5574951171875 1041.611083984375 
4.8500000000000005 0.6000000000000001 0.0 2369.7822265625 824.2618408203125 
4.250000000000001 0.6000000000000001 0.0 2198.135009765625 840.8499755859375 
3.650000000000001 0.6000000000000001 0.0 2040.0113525390625 862.2997436523438 
3.0500000000000007 0.6000000000000001 0.0 1890.9937744140625 882.4832763671875 
2.4500000000000006 0.6000000000000001 0.0 1750.225830078125 901.5751953125 
1.8500000000000005 0.6000000000000001 0.0 1616.5819091796875 919.3241577148438 
1.2500000000000004 0.6000000000000001 0.0 1490.2113037109375 936.7485961914062 
0.6499999999999999 0.6000000000000001 0.0 1369.1732177734375 953.11376953125 
4.550000000000001 0.9000000000000001 0.0 2272.000732421875 732.3290405273438 
3.9500000000000006 0.9000000000000001 0.0 2109.775146484375 757.8753051757812 
3.350000000000001 0.9000000000000001 0.0 1956.19384765625 780.7335205078125 
2.7500000000000004 0.9000000000000001 0.0 1806.2806396484375 803.4638061523438 
2.1500000000000004 0.9000000000000001 0.0 1674.5914306640625 818.4003295898438 
1.5500000000000005 0.9000000000000001 0.0 1545.4931640625 843.6753540039062 
0.9500000000000004 0.9000000000000001 0.0 1425.793701171875 861.089111328125 
0.3499999999999998 0.9000000000000001 0.0 1303.868896484375 880.4420166015625 
4.8500000000000005 1.2000000000000002 0.0 2342.76611328125 621.3421020507812 
4.250000000000001 1.2000000000000002 0.0 2175.546630859375 642.4298706054688 
3.650000000000001 1.2000000000000002 0.0 2026.438720703125 674.3875122070312 
3.0500000000000007 1.2000000000000002 0.0 1873.65771484375 694.8052978515625 
2.4500000000000006 1.2000000000000002 0.0 1734.7098388671875 725.5184326171875 
1.8500000000000005 1.2000000000000002 0.0 1601.7720947265625 747.8932495117188 
1.2500000000000004 1.2000000000000002 0.0 1475.7281494140625 769.7371215820312 
0.6499999999999999 1.2000000000000002 0.0 1355.1181640625 790.2293090820312 
4.550000000000001 1.5000000000000002 0.0 2254.374755859375 538.058349609375 
3.9500000000000006 1.5000000000000002 0.0 2092.3759765625 568.658935546875 
3.350000000000001 1.5000000000000002 0.0 1931.804443359375 596.249755859375 
2.7500000000000004 1.5000000000000002 0.0 1795.9244384765625 624.63427734375 
2.1500000000000004 1.5000000000000002 0.0 1659.75244140625 650.2953491210938 
1.5500000000000005 1.5000000000000002 0.0 1533.1436767578125 669.5276489257812 
0.9500000000000004 1.5000000000000002 0.0 1405.265380859375 697.7738037109375 
0.3499999999999998 1.5000000000000002 0.0 1282.6434326171875 718.08740234375 
4.8500000000000005 1.8000000000000003 0.0 2322.7353515625 419.4425354003906 
4.250000000000001 1.8000000000000003 0.0 2162.390625 456.53619384765625 
3.650000000000001 1.8000000000000003 0.0 2006.3319091796875 497.0902099609375 
3.0500000000000007 1.8000000000000003 0.0 1858.23583984375 522.1580200195312 
2.4500000000000006 1.8000000000000003 0.0 1719.0533447265625 549.8886108398438 
1.8500000000000005 1.8000000000000003 0.0 1586.131103515625 583.0403442382812 
1.2500000000000004 1.8000000000000003 0.0 1461.0755615234375 603.0634765625 
0.6499999999999999 1.8000000000000003 0.0 1344.753173828125 630.61181640625 
4.550000000000001 2.1000000000000005 0.0 2236.801025390625 344.1039123535156 
3.9500000000000006 2.1000000000000005 0.0 2074.638916015625 379.1914367675781 
3.350000000000001 2.1000000000000005 0.0 1923.5013427734375 414.57757568359375 
2.7500000000000004 2.1000000000000005 0.0 1784.77099609375 453.8229064941406 
2.1500000000000004 2.1000000000000005 0.0 1638.6573486328125 484.3679504394531 
1.5500000000000005 2.1000000000000005 0.0 1515.6820068359375 506.0966796875 
0.9500000000000004 2.1000000000000005 0.0 1389.642822265625 529.6373901367188 
0.3499999999999998 2.1000000000000005 0.0 1274.4346923828125 554.3640747070312 
0.0 0.0 0.35000000000000003 1187.0972900390625 1134.4530029296875 
0.0 0.0 0.9500000000000002 1064.6187744140625 1145.419189453125 
0.0 0.0 1.5500000000000003 945.75 1149.787109375 
0.0 0.0 2.1500000000000004 808.6502685546875 1166.361328125 
0.0 0.0 2.7500000000000004 668.1681518554688 1176.3641357421875 
0.0 0.0 3.3500000000000005 517.7928466796875 1179.4422607421875 
0.0 0.0 3.9500000000000006 356.2845764160156 1191.1434326171875 
0.0 0.0 4.550000000000001 197.1300048828125 1201.25146484375 
0.0 0.30000000000000004 0.6500000000000001 1114.9432373046875 1054.26025390625 
0.0 0.30000000000000004 1.2500000000000002 996.538330078125 1062.9326171875 
0.0 0.30000000000000004 1.8500000000000003 867.9329833984375 1073.6744384765625 
0.0 0.30000000000000004 2.4500000000000006 729.2460327148438 1076.5452880859375 
0.0 0.30000000000000004 3.0500000000000003 584.9436645507812 1082.7890625 
0.0 0.30000000000000004 3.650000000000001 430.6146240234375 1086.293701171875 
0.0 0.30000000000000004 4.25 273.31695556640625 1099.889404296875 
0.0 0.30000000000000004 4.8500000000000005 106.8615951538086 1115.0244140625 
0.0 0.6000000000000001 0.35000000000000003 1173.690673828125 972.8563842773438 
0.0 0.6000000000000001 0.9500000000000002 1053.3448486328125 980.4484252929688 
0.0 0.6000000000000001 1.5500000000000003 925.1426391601562 981.3909912109375 
0.0 0.6000000000000001 2.1500000000000004 790.1943969726562 993.5585327148438 
0.0 0.6000000000000001 2.7500000000000004 652.7503662109375 987.1967163085938 
0.0 0.6000000000000001 3.3500000000000005 506.4381408691406 995.9864501953125 
0.0 0.6000000000000001 3.9500000000000006 347.22637939453125 1000.8057861328125 
0.0 0.6000000000000001 4.550000000000001 187.87222290039062 1012.1904296875 
0.0 0.9000000000000001 0.6500000000000001 1099.567138671875 896.617919921875 
0.0 0.9000000000000001 1.2500000000000002 982.6723022460938 895.5984497070312 
0.0 0.9000000000000001 1.8500000000000003 852.3014526367188 897.943359375 
0.0 0.9000000000000001 2.4500000000000006 711.3237915039062 901.3746948242188 
0.0 0.9000000000000001 3.0500000000000003 566.1484985351562 901.215576171875 
0.0 0.9000000000000001 3.650000000000001 418.9873352050781 905.9882202148438 
0.0 0.9000000000000001 4.25 253.01646423339844 908.4224243164062 
0.0 0.9000000000000001 4.8500000000000005 92.84304809570312 914.2316284179688 
0.0 1.2000000000000002 0.35000000000000003 1158.8834228515625 817.5861206054688 
0.0 1.2000000000000002 0.9500000000000002 1039.0269775390625 808.9385986328125 
0.0 1.2000000000000002 1.5500000000000003 912.8394775390625 808.1246337890625 
0.0 1.2000000000000002 2.1500000000000004 777.72998046875 812.4708862304688 
0.0 1.2000000000000002 2.7500000000000004 636.929443359375 812.8338623046875 
0.0 1.2000000000000002 3.3500000000000005 494.92059326171875 815.083984375 
0.0 1.2000000000000002 3.9500000000000006 332.73089599609375 813.4841918945312 
0.0 1.2000000000000002 4.550000000000001 167.42581176757812 813.7166748046875 
0.0 1.5000000000000002 0.6500000000000001 1088.7994384765625 725.4356079101562 
0.0 1.5000000000000002 1.2500000000000002 969.256591796875 728.6454467773438 
0.0 1.5000000000000002 1.8500000000000003 838.220947265625 726.0453491210938 
0.0 1.5000000000000002 2.4500000000000006 698.1885375976562 723.7532348632812 
0.0 1.5000000000000002 3.0500000000000003 556.8858642578125 722.9197387695312 
0.0 1.5000000000000002 3.650000000000001 404.7930603027344 720.734375 
0.0 1.5000000000000002 4.25 251.52577209472656 714.7044067382812 
0.0 1.5000000000000002 4.8500000000000005 73.63251495361328 715.7091674804688 
0.0 1.8000000000000003 0.35000000000000003 1144.5863037109375 649.286376953125 
0.0 1.8000000000000003 0.9500000000000002 1025.145263671875 647.4906616210938 
0.0 1.8000000000000003 1.5500000000000003 897.914794921875 643.377685546875 
0.0 1.8000000000000003 2.1500000000000004 762.614990234375 639.5018920898438 
0.0 1.8000000000000003 2.7500000000000004 619.5238647460938 638.984375 
0.0 1.8000000000000003 3.3500000000000005 474.7902526855469 630.6052856445312 
0.0 1.8000000000000003 3.9500000000000006 318.3770446777344 625.7617797851562 
0.0 1.8000000000000003 4.550000000000001 159.39105224609375 628.4988403320312 
0.0 2.1000000000000005 0.6500000000000001 1080.1060791015625 568.0195922851562 
0.0 2.1000000000000005 1.2500000000000002 958.5559692382812 556.7559814453125 
0.0 2.1000000000000005 1.8500000000000003 828.6134033203125 560.9132080078125 
0.0 2.1000000000000005 2.4500000000000006 687.3599243164062 549.8471069335938 
0.0 2.1000000000000005 3.0500000000000003 546.4873046875 550.8450317382812 
0.0 2.1000000000000005 3.650000000000001 390.35504150390625 535.9051513671875 
0.0 2.1000000000000005 4.25 227.6497344970703 531.2548217773438 
0.0 2.1000000000000005 4.8500000000000005 58.32564163208008 519.8601684570312 
