1.0825 0.0 0.0 2134.736328125 1066.8446044921875 
 0.9825 0.0 0.0 2036.751953125 1067.2054443359375 
 0.8825 0.0 0.0 1941.447265625 1067.442138671875 
 0.7825 0.0 0.0 1848.6748046875 1067.6953125 
 0.6825 0.0 0.0 1758.302734375 1068.05126953125 
 0.5825 0.0 0.0 1670.3135986328125 1068.3128662109375 
 0.48249999999999993 0.0 0.0 1584.4296875 1068.6163330078125 
 0.38249999999999995 0.0 0.0 1500.3941650390625 1068.89697265625 
 0.2825 0.0 0.0 1418.2052001953125 1069.22119140625 
 0.1825 0.0 0.0 1337.9549560546875 1069.5205078125 
 1.0825 0.1 0.0 2133.2646484375 958.8209838867188 
 0.9825 0.1 0.0 2035.3079833984375 960.6019287109375 
 0.8825 0.1 0.0 1939.925537109375 962.3778686523438 
 0.7825 0.1 0.0 1847.100341796875 964.0238037109375 
 0.6825 0.1 0.0 1756.6976318359375 965.6084594726562 
 0.5825 0.1 0.0 1668.683837890625 967.2652587890625 
 0.48249999999999993 0.1 0.0 1582.7640380859375 968.78369140625 
 0.38249999999999995 0.1 0.0 1498.7777099609375 970.3085327148438 
 0.2825 0.1 0.0 1416.6318359375 971.75 
 0.1825 0.1 0.0 1336.3717041015625 973.3314208984375 
 1.0825 0.2 0.0 2131.611083984375 850.7772827148438 
 0.9825 0.2 0.0 2033.6605224609375 853.9503784179688 
 0.8825 0.2 0.0 1938.2271728515625 857.142822265625 
 0.7825 0.2 0.0 1845.5172119140625 860.2449340820312 
 0.6825 0.2 0.0 1755.069580078125 863.2230834960938 
 0.5825 0.2 0.0 1666.953125 866.1246948242188 
 0.48249999999999993 0.2 0.0 1581.0865478515625 868.9439086914062 
 0.38249999999999995 0.2 0.0 1497.039306640625 871.705322265625 
 0.2825 0.2 0.0 1414.916259765625 874.4122924804688 
 0.1825 0.2 0.0 1334.6917724609375 877.1106567382812 
 1.0825 0.30000000000000004 0.0 2130.010986328125 742.6138305664062 
 0.9825 0.30000000000000004 0.0 2031.9228515625 747.3634033203125 
 0.8825 0.30000000000000004 0.0 1936.499755859375 751.9163818359375 
 0.7825 0.30000000000000004 0.0 1843.5977783203125 756.410888671875 
 0.6825 0.30000000000000004 0.0 1753.3076171875 760.7123413085938 
 0.5825 0.30000000000000004 0.0 1664.791748046875 764.9954833984375 
 0.48249999999999993 0.30000000000000004 0.0 1579.2689208984375 769.077392578125 
 0.38249999999999995 0.30000000000000004 0.0 1495.2049560546875 773.1096801757812 
 0.2825 0.30000000000000004 0.0 1413.169921875 776.9824829101562 
 0.1825 0.30000000000000004 0.0 1332.869140625 780.7700805664062 
 1.0825 0.4 0.0 2128.255126953125 634.326416015625 
 0.9825 0.4 0.0 2030.26806640625 640.5607299804688 
 0.8825 0.4 0.0 1934.8321533203125 646.5656127929688 
 0.7825 0.4 0.0 1842.072021484375 652.4171142578125 
 0.6825 0.4 0.0 1751.502685546875 658.2432861328125 
 0.5825 0.4 0.0 1663.451416015625 663.7140502929688 
 0.48249999999999993 0.4 0.0 1577.4810791015625 669.1573486328125 
 0.38249999999999995 0.4 0.0 1493.4647216796875 674.4010620117188 
 0.2825 0.4 0.0 1411.2147216796875 679.421630859375 
 0.1825 0.4 0.0 1331.0804443359375 684.4462890625 
 1.0825 0.5 0.0 2126.623291015625 525.9044799804688 
 0.9825 0.5 0.0 2028.5146484375 533.6721801757812 
 0.8825 0.5 0.0 1933.08447265625 541.2115478515625 
 0.7825 0.5 0.0 1840.1697998046875 548.4853515625 
 0.6825 0.5 0.0 1749.67236328125 555.5337524414062 
 0.5825 0.5 0.0 1661.6044921875 562.4129028320312 
 0.48249999999999993 0.5 0.0 1575.6304931640625 569.1243896484375 
 0.38249999999999995 0.5 0.0 1491.572509765625 575.630126953125 
 0.2825 0.5 0.0 1409.3818359375 581.8439331054688 
 0.1825 0.5 0.0 1329.22705078125 588.106201171875 
 1.0825 0.6000000000000001 0.0 2124.85791015625 417.3548889160156 
 0.9825 0.6000000000000001 0.0 2026.7308349609375 426.51483154296875 
 0.8825 0.6000000000000001 0.0 1931.280517578125 435.5794372558594 
 0.7825 0.6000000000000001 0.0 1838.23876953125 444.24273681640625 
 0.6825 0.6000000000000001 0.0 1747.833251953125 452.7552795410156 
 0.5825 0.6000000000000001 0.0 1659.51611328125 460.9530334472656 
 0.48249999999999993 0.6000000000000001 0.0 1573.6162109375 468.9462890625 
 0.38249999999999995 0.6000000000000001 0.0 1489.6046142578125 476.689208984375 
 0.2825 0.6000000000000001 0.0 1407.4718017578125 484.171875 
 0.1825 0.6000000000000001 0.0 1327.3236083984375 491.481201171875 
 0.0 0.0 0.1825 1094.07568359375 1075.5050048828125 
 0.0 0.0 0.2825 1032.893798828125 1078.102294921875 
 0.0 0.0 0.3825 969.6272583007812 1080.7086181640625 
 0.0 0.0 0.48250000000000004 904.2739868164062 1083.4805908203125 
 0.0 0.0 0.5825 836.5490112304688 1086.3095703125 
 0.0 0.0 0.6825 766.2420654296875 1089.33349609375 
 0.0 0.0 0.7825000000000001 693.3441162109375 1092.3958740234375 
 0.0 0.0 0.8825000000000001 617.8998413085938 1095.5128173828125 
 0.0 0.0 0.9825 539.7166748046875 1098.6802978515625 
 0.0 0.0 1.0825 458.45526123046875 1102.216796875 
 0.0 0.1 0.1825 1092.4710693359375 978.4409790039062 
 0.0 0.1 0.2825 1031.216552734375 979.40234375 
 0.0 0.1 0.3825 967.837890625 980.3320922851562 
 0.0 0.1 0.48250000000000004 902.3768310546875 981.43505859375 
 0.0 0.1 0.5825 834.5541381835938 982.4262084960938 
 0.0 0.1 0.6825 764.27880859375 983.5009155273438 
 0.0 0.1 0.7825000000000001 691.45263671875 984.591064453125 
 0.0 0.1 0.8825000000000001 615.838623046875 985.7316284179688 
 0.0 0.1 0.9825 537.6229858398438 987.0226440429688 
 0.0 0.1 1.0825 456.242919921875 988.3524169921875 
 0.0 0.2 0.1825 1090.8692626953125 881.3519897460938 
 0.0 0.2 0.2825 1029.5550537109375 880.6857299804688 
 0.0 0.2 0.3825 966.1624755859375 879.9483642578125 
 0.0 0.2 0.48250000000000004 900.6370849609375 879.2879028320312 
 0.0 0.2 0.5825 832.728271484375 878.5505981445312 
 0.0 0.2 0.6825 762.5870971679688 877.721435546875 
 0.0 0.2 0.7825000000000001 689.50830078125 876.808349609375 
 0.0 0.2 0.8825000000000001 613.9884033203125 876.0545043945312 
 0.0 0.2 0.9825 535.58837890625 875.276611328125 
 0.0 0.2 1.0825 454.24151611328125 874.2682495117188 
 0.0 0.30000000000000004 0.1825 1089.3792724609375 784.24560546875 
 0.0 0.30000000000000004 0.2825 1027.8807373046875 781.9102783203125 
 0.0 0.30000000000000004 0.3825 964.4838256835938 779.5414428710938 
 0.0 0.30000000000000004 0.48250000000000004 898.8252563476562 777.0856323242188 
 0.0 0.30000000000000004 0.5825 831.0956420898438 774.4654541015625 
 0.0 0.30000000000000004 0.6825 760.7003173828125 771.9183959960938 
 0.0 0.30000000000000004 0.7825000000000001 687.7064208984375 769.15576171875 
 0.0 0.30000000000000004 0.8825000000000001 612.1156616210938 766.3475341796875 
 0.0 0.30000000000000004 0.9825 533.726806640625 763.3934326171875 
 0.0 0.30000000000000004 1.0825 452.2181091308594 760.2275390625 
 0.0 0.4 0.1825 1087.7454833984375 687.02734375 
 0.0 0.4 0.2825 1026.387939453125 683.186279296875 
 0.0 0.4 0.3825 962.90087890625 679.0769653320312 
 0.0 0.4 0.48250000000000004 897.3331909179688 674.896240234375 
 0.0 0.4 0.5825 829.4051513671875 670.5086669921875 
 0.0 0.4 0.6825 758.9442138671875 665.96875 
 0.0 0.4 0.7825000000000001 685.9241333007812 661.3182983398438 
 0.0 0.4 0.8825000000000001 610.4290771484375 656.4434204101562 
 0.0 0.4 0.9825 531.6937866210938 651.3215942382812 
 0.0 0.4 1.0825 450.29620361328125 646.0797729492188 
 0.0 0.5 0.1825 1086.076171875 589.7705078125 
 0.0 0.5 0.2825 1024.593505859375 584.2737426757812 
 0.0 0.5 0.3825 961.09130859375 578.51904296875 
 0.0 0.5 0.48250000000000004 895.4469604492188 572.5620727539062 
 0.0 0.5 0.5825 827.618408203125 566.4379272460938 
 0.0 0.5 0.6825 757.1316528320312 560.0490112304688 
 0.0 0.5 0.7825000000000001 684.1696166992188 553.3310546875 
 0.0 0.5 0.8825000000000001 608.4591674804688 546.4313354492188 
 0.0 0.5 0.9825 529.8932495117188 539.1937255859375 
 0.0 0.5 1.0825 448.2007141113281 531.7357177734375 
 0.0 0.6000000000000001 0.1825 1084.369873046875 492.49713134765625 
 0.0 0.6000000000000001 0.2825 1022.8872680664062 485.3428955078125 
 0.0 0.6000000000000001 0.3825 959.3199462890625 477.8639831542969 
 0.0 0.6000000000000001 0.48250000000000004 893.6786499023438 470.2018127441406 
 0.0 0.6000000000000001 0.5825 825.7341918945312 462.2006530761719 
 0.0 0.6000000000000001 0.6825 755.3717651367188 453.95074462890625 
 0.0 0.6000000000000001 0.7825000000000001 682.1280517578125 445.3199768066406 
 0.0 0.6000000000000001 0.8825000000000001 606.4329223632812 436.29449462890625 
 0.0 0.6000000000000001 0.9825 527.6978149414062 426.9902038574219 
 0.0 0.6000000000000001 1.0825 446.0652160644531 417.3150329589844 
 