1.0824999809265137 0.0 0.0 1376.7899169921875 694.5736083984375 
0.9825000166893005 0.0 0.0 1314.966064453125 693.2333984375 
0.8824999928474426 0.0 0.0 1254.63232421875 691.9163818359375 
0.7825000286102295 0.0 0.0 1197.0198974609375 691.3404541015625 
0.6825000047683716 0.0 0.0 1140.27490234375 690.0919189453125 
0.5824999809265137 0.0 0.0 1085.614013671875 688.8843383789062 
0.48249998688697815 0.0 0.0 1032.4002685546875 688.3839111328125 
0.3824999928474426 0.0 0.0 980.5703125 687.22705078125 
0.2824999988079071 0.0 0.0 930.1618041992188 686.097412109375 
0.18250000476837158 0.0 0.0 881.1575927734375 685.6773681640625 
1.0824999809265137 0.10000000149011612 0.0 1376.38232421875 620.1847534179688 
0.9825000166893005 0.10000000149011612 0.0 1314.595703125 620.3753051757812 
0.8824999928474426 0.10000000149011612 0.0 1254.9342041015625 619.9136962890625 
0.7825000286102295 0.10000000149011612 0.0 1196.7425537109375 620.1570434570312 
0.6825000047683716 0.10000000149011612 0.0 1140.6424560546875 620.434814453125 
0.5824999809265137 0.10000000149011612 0.0 1086.009033203125 620.051025390625 
0.48249998688697815 0.10000000149011612 0.0 1032.8231201171875 620.3717651367188 
0.3824999928474426 0.10000000149011612 0.0 981.0222778320312 620.0352783203125 
0.2824999988079071 0.10000000149011612 0.0 930.6384887695312 620.4025268554688 
0.18250000476837158 0.10000000149011612 0.0 881.0560913085938 620.0970458984375 
1.0824999809265137 0.20000000298023224 0.0 1376.5595703125 545.9127807617188 
0.9825000166893005 0.20000000298023224 0.0 1314.8289794921875 546.9476928710938 
0.8824999928474426 0.20000000298023224 0.0 1254.583740234375 547.99609375 
0.7825000286102295 0.20000000298023224 0.0 1197.061279296875 549.0894775390625 
0.6825000047683716 0.20000000298023224 0.0 1140.378662109375 550.1888427734375 
0.5824999809265137 0.20000000298023224 0.0 1085.76708984375 551.3164672851562 
0.48249998688697815 0.20000000298023224 0.0 1032.613525390625 552.4590454101562 
0.3824999928474426 0.20000000298023224 0.0 980.8388061523438 553.6195068359375 
0.2824999988079071 0.20000000298023224 0.0 930.493408203125 554.1146240234375 
0.18250000476837158 0.20000000298023224 0.0 881.53759765625 555.3038330078125 
1.0824999809265137 0.30000001192092896 0.0 1376.090087890625 471.7710876464844 
0.9825000166893005 0.30000001192092896 0.0 1314.4150390625 473.6353759765625 
0.8824999928474426 0.30000001192092896 0.0 1254.217041015625 476.2062683105469 
0.7825000286102295 0.30000001192092896 0.0 1196.7374267578125 478.12908935546875 
0.6825000047683716 0.30000001192092896 0.0 1140.0816650390625 480.7426452636719 
0.5824999809265137 0.30000001192092896 0.0 1085.50634765625 482.6901550292969 
0.48249998688697815 0.30000001192092896 0.0 1032.3974609375 484.6535339355469 
0.3824999928474426 0.30000001192092896 0.0 980.6605834960938 486.6219482421875 
0.2824999988079071 0.30000001192092896 0.0 930.335205078125 488.6006164550781 
0.18250000476837158 0.30000001192092896 0.0 881.406005859375 490.5828552246094 
1.0824999809265137 0.4000000059604645 0.0 1375.5814208984375 397.0882568359375 
0.9825000166893005 0.4000000059604645 0.0 1313.9737548828125 401.15643310546875 
0.8824999928474426 0.4000000059604645 0.0 1254.46240234375 404.55938720703125 
0.7825000286102295 0.4000000059604645 0.0 1196.4039306640625 407.30364990234375 
0.6825000047683716 0.4000000059604645 0.0 1140.4256591796875 410.7476501464844 
0.5824999809265137 0.4000000059604645 0.0 1085.270263671875 414.18896484375 
0.48249998688697815 0.4000000059604645 0.0 1032.1907958984375 416.96551513671875 
0.3824999928474426 0.4000000059604645 0.0 980.4718627929688 419.7331237792969 
0.2824999988079071 0.4000000059604645 0.0 930.1774291992188 422.51361083984375 
0.18250000476837158 0.4000000059604645 0.0 881.2766723632812 425.2913818359375 
1.0824999809265137 0.5 0.0 1375.7188720703125 323.26727294921875 
0.9825000166893005 0.5 0.0 1314.164306640625 328.1530456542969 
0.8824999928474426 0.5 0.0 1254.07861328125 332.372802734375 
0.7825000286102295 0.5 0.0 1196.078369140625 336.6143493652344 
0.6825000047683716 0.5 0.0 1140.1160888671875 341.551513671875 
0.5824999809265137 0.5 0.0 1085.630126953125 345.13323974609375 
0.48249998688697815 0.5 0.0 1032.5836181640625 349.38592529296875 
0.3824999928474426 0.5 0.0 980.8880615234375 353.6356201171875 
0.2824999988079071 0.5 0.0 930.012939453125 357.1981506347656 
0.18250000476837158 0.5 0.0 881.1414794921875 360.7720031738281 
1.0824999809265137 0.6000000238418579 0.0 1375.1810302734375 248.93809509277344 
0.9825000166893005 0.6000000238418579 0.0 1313.7030029296875 255.31427001953125 
0.8824999928474426 0.6000000238418579 0.0 1253.66845703125 261.029296875 
0.7825000286102295 0.6000000238418579 0.0 1195.731689453125 266.0827331542969 
0.6825000047683716 0.6000000238418579 0.0 1139.8282470703125 271.8202819824219 
0.5824999809265137 0.6000000238418579 0.0 1085.3660888671875 276.8778076171875 
0.48249998688697815 0.6000000238418579 0.0 1032.3463134765625 281.932373046875 
0.3824999928474426 0.6000000238418579 0.0 980.69140625 286.9732360839844 
0.2824999988079071 0.6000000238418579 0.0 929.8540649414062 291.32647705078125 
0.18250000476837158 0.6000000238418579 0.0 881.0111694335938 295.6850891113281 
0.0 0.0 0.18250000476837158 714.0081176757812 686.4449462890625 
0.0 0.0 0.2824999988079071 666.25830078125 686.9881591796875 
0.0 0.0 0.3824999928474426 616.9180297851562 688.1705322265625 
0.0 0.0 0.48249998688697815 565.2609252929688 688.63623046875 
0.0 0.0 0.5824999809265137 512.797119140625 689.762939453125 
0.0 0.0 0.6825000047683716 457.2614440917969 690.8316040039062 
0.0 0.0 0.7825000286102295 400.1544494628906 691.8699951171875 
0.0 0.0 0.8824999928474426 341.47308349609375 693.5523681640625 
0.0 0.0 0.9825000166893005 280.4505920410156 694.5169677734375 
0.0 0.0 1.0824999809265137 216.36361694335938 695.4201049804688 
0.0 0.10000000149011612 0.18250000476837158 713.9730834960938 620.403076171875 
0.0 0.10000000149011612 0.2824999988079071 666.2779541015625 620.26904296875 
0.0 0.10000000149011612 0.3824999928474426 617.0187377929688 620.1046142578125 
0.0 0.10000000149011612 0.48249998688697815 565.4222412109375 619.8950805664062 
0.0 0.10000000149011612 0.5824999809265137 513.0196533203125 619.6723022460938 
0.0 0.10000000149011612 0.6825000047683716 457.5386657714844 620.069091796875 
0.0 0.10000000149011612 0.7825000286102295 400.50787353515625 619.765625 
0.0 0.10000000149011612 0.8824999928474426 341.923583984375 619.4312133789062 
0.0 0.10000000149011612 0.9825000166893005 281.0035705566406 619.0518188476562 
0.0 0.10000000149011612 1.0824999809265137 217.022216796875 618.626953125 
0.0 0.20000000298023224 0.18250000476837158 714.6981201171875 555.1331787109375 
0.0 0.20000000298023224 0.2824999988079071 667.0606079101562 554.3239135742188 
0.0 0.20000000298023224 0.3824999928474426 617.0794677734375 552.8008422851562 
0.0 0.20000000298023224 0.48249998688697815 566.3346557617188 551.2599487304688 
0.0 0.20000000298023224 0.5824999809265137 513.2207641601562 550.3557739257812 
0.0 0.20000000298023224 0.6825000047683716 458.5971984863281 548.7532348632812 
0.0 0.20000000298023224 0.7825000286102295 401.64581298828125 547.1054077148438 
0.0 0.20000000298023224 0.8824999928474426 342.38543701171875 545.4241943359375 
0.0 0.20000000298023224 0.9825000166893005 281.5570373535156 543.70947265625 
0.0 0.20000000298023224 1.0824999809265137 217.66854858398438 541.9537963867188 
0.0 0.30000001192092896 0.18250000476837158 714.6396484375 489.9422607421875 
0.0 0.30000001192092896 0.2824999988079071 667.0618896484375 487.7832336425781 
0.0 0.30000001192092896 0.3824999928474426 617.1401977539062 485.5852966308594 
0.0 0.30000001192092896 0.48249998688697815 566.463134765625 482.71221923828125 
0.0 0.30000001192092896 0.5824999809265137 513.4384155273438 479.79656982421875 
0.0 0.30000001192092896 0.6825000047683716 458.8752746582031 477.5239562988281 
0.0 0.30000001192092896 0.7825000286102295 402.0113525390625 474.5484924316406 
0.0 0.30000001192092896 0.8824999928474426 342.83544921875 471.5338134765625 
0.0 0.30000001192092896 0.9825000166893005 282.09814453125 468.4951477050781 
0.0 0.30000001192092896 1.0824999809265137 218.3201446533203 465.4168701171875 
0.0 0.4000000059604645 0.18250000476837158 715.3854370117188 424.8573303222656 
0.0 0.4000000059604645 0.2824999988079071 667.0859985351562 421.348388671875 
0.0 0.4000000059604645 0.3824999928474426 618.0045166015625 417.8304138183594 
0.0 0.4000000059604645 0.48249998688697815 566.5942993164062 414.2782287597656 
0.0 0.4000000059604645 0.5824999809265137 513.632568359375 410.6949157714844 
0.0 0.4000000059604645 0.6825000047683716 459.179443359375 406.4197082519531 
0.0 0.4000000059604645 0.7825000286102295 402.4046325683594 402.115966796875 
0.0 0.4000000059604645 0.8824999928474426 343.3150939941406 397.77630615234375 
0.0 0.4000000059604645 0.9825000166893005 282.697021484375 393.4200439453125 
0.0 0.4000000059604645 1.0824999809265137 219.01417541503906 389.0220642089844 
0.0 0.5 0.18250000476837158 715.3616943359375 359.8673095703125 
0.0 0.5 0.2824999988079071 667.9139404296875 355.0287780761719 
0.0 0.5 0.3824999928474426 618.1171875 350.839111328125 
0.0 0.5 0.48249998688697815 566.78173828125 345.9566345214844 
0.0 0.5 0.5824999809265137 514.6885375976562 340.39093017578125 
0.0 0.5 0.6825000047683716 459.5052490234375 335.4507141113281 
0.0 0.5 0.7825000286102295 402.8121337890625 329.821044921875 
0.0 0.5 0.8824999928474426 343.8193664550781 324.1617431640625 
0.0 0.5 0.9825000166893005 283.2962646484375 318.4990234375 
0.0 0.5 1.0824999809265137 219.74533081054688 312.8099365234375 
0.0 0.6000000238418579 0.18250000476837158 715.383544921875 294.3221435546875 
0.0 0.6000000238418579 0.2824999988079071 667.9835815429688 288.83282470703125 
0.0 0.6000000238418579 0.3824999928474426 618.2601928710938 283.3027038574219 
0.0 0.6000000238418579 0.48249998688697815 567.7681274414062 277.1052551269531 
0.0 0.6000000238418579 0.5824999809265137 514.958740234375 270.87542724609375 
0.0 0.6000000238418579 0.6825000047683716 459.8641052246094 264.62298583984375 
0.0 0.6000000238418579 0.7825000286102295 403.25030517578125 257.6850891113281 
0.0 0.6000000238418579 0.8824999928474426 344.3759460449219 250.7233123779297 
0.0 0.6000000238418579 0.9825000166893005 283.96875 243.76254272460938 
0.0 0.6000000238418579 1.0824999809265137 220.57949829101562 236.1126251220703 
