4.8500000000000005 0.0 0.0 1492.646728515625 993.2280883789062 
4.250000000000001 0.0 0.0 1394.4525146484375 996.8887329101562 
3.650000000000001 0.0 0.0 1303.48681640625 1000.4423217773438 
3.0500000000000007 0.0 0.0 1217.4830322265625 1003.6854248046875 
2.4500000000000006 0.0 0.0 1136.9287109375 1006.5872192382812 
1.8500000000000005 0.0 0.0 1060.72021484375 1009.7080078125 
1.2500000000000004 0.0 0.0 992.6864624023438 1012.8040161132812 
0.6499999999999999 0.0 0.0 916.0364379882812 1011.5400390625 
4.550000000000001 0.30000000000000004 0.0 1441.2275390625 932.8864135742188 
3.9500000000000006 0.30000000000000004 0.0 1347.147705078125 938.2520751953125 
3.350000000000001 0.30000000000000004 0.0 1257.21923828125 947.6607666015625 
2.7500000000000004 0.30000000000000004 0.0 1170.86328125 950.27783203125 
2.1500000000000004 0.30000000000000004 0.0 1097.359619140625 953.1748046875 
1.5500000000000005 0.30000000000000004 0.0 1023.492919921875 957.2761840820312 
0.9500000000000004 0.30000000000000004 0.0 951.5225219726562 962.1058959960938 
0.3499999999999998 0.30000000000000004 0.0 886.0982055664062 965.4541625976562 
4.8500000000000005 0.6000000000000001 0.0 1490.7825927734375 870.8392333984375 
4.250000000000001 0.6000000000000001 0.0 1391.81982421875 874.7406005859375 
3.650000000000001 0.6000000000000001 0.0 1300.4423828125 881.7008666992188 
3.0500000000000007 0.6000000000000001 0.0 1219.0072021484375 885.488525390625 
2.4500000000000006 0.6000000000000001 0.0 1137.4453125 897.4441528320312 
1.8500000000000005 0.6000000000000001 0.0 1059.59228515625 899.4701538085938 
1.2500000000000004 0.6000000000000001 0.0 986.8710327148438 906.85498046875 
0.6499999999999999 0.6000000000000001 0.0 918.3611450195312 911.9850463867188 
4.550000000000001 0.9000000000000001 0.0 1437.7415771484375 808.6372680664062 
3.9500000000000006 0.9000000000000001 0.0 1344.1295166015625 818.125732421875 
3.350000000000001 0.9000000000000001 0.0 1255.4345703125 827.28369140625 
2.7500000000000004 0.9000000000000001 0.0 1171.382080078125 840.448974609375 
2.1500000000000004 0.9000000000000001 0.0 1090.67822265625 841.1641235351562 
1.5500000000000005 0.9000000000000001 0.0 1021.0791625976562 850.7693481445312 
0.9500000000000004 0.9000000000000001 0.0 954.8336181640625 854.9300537109375 
0.3499999999999998 0.9000000000000001 0.0 883.986083984375 864.354736328125 
4.8500000000000005 1.2000000000000002 0.0 1481.3028564453125 737.9078369140625 
4.250000000000001 1.2000000000000002 0.0 1385.1068115234375 751.7401123046875 
3.650000000000001 1.2000000000000002 0.0 1294.371337890625 764.695556640625 
3.0500000000000007 1.2000000000000002 0.0 1216.0362548828125 776.5089111328125 
2.4500000000000006 1.2000000000000002 0.0 1131.9334716796875 784.0601196289062 
1.8500000000000005 1.2000000000000002 0.0 1056.552734375 792.8219604492188 
1.2500000000000004 1.2000000000000002 0.0 985.06884765625 799.2837524414062 
0.6499999999999999 1.2000000000000002 0.0 914.9288330078125 804.5306396484375 
4.550000000000001 1.5000000000000002 0.0 1434.6749267578125 685.2681274414062 
3.9500000000000006 1.5000000000000002 0.0 1337.42724609375 701.0265502929688 
3.350000000000001 1.5000000000000002 0.0 1252.7540283203125 711.31201171875 
2.7500000000000004 1.5000000000000002 0.0 1170.0428466796875 722.8858642578125 
2.1500000000000004 1.5000000000000002 0.0 1095.3680419921875 737.51220703125 
1.5500000000000005 1.5000000000000002 0.0 1016.0757446289062 739.8101806640625 
0.9500000000000004 1.5000000000000002 0.0 948.7130126953125 754.1162109375 
0.3499999999999998 1.5000000000000002 0.0 881.8441162109375 763.3833618164062 
4.8500000000000005 1.8000000000000003 0.0 1482.2603759765625 611.63818359375 
4.250000000000001 1.8000000000000003 0.0 1385.33349609375 631.3330688476562 
3.650000000000001 1.8000000000000003 0.0 1291.8499755859375 644.91552734375 
3.0500000000000007 1.8000000000000003 0.0 1208.1746826171875 661.6622314453125 
2.4500000000000006 1.8000000000000003 0.0 1129.0701904296875 672.915771484375 
1.8500000000000005 1.8000000000000003 0.0 1053.904052734375 689.4910278320312 
1.2500000000000004 1.8000000000000003 0.0 983.0349731445312 695.5171508789062 
0.6499999999999999 1.8000000000000003 0.0 914.8961181640625 706.7391357421875 
4.550000000000001 2.1000000000000005 0.0 1430.8963623046875 562.0966186523438 
3.9500000000000006 2.1000000000000005 0.0 1337.7720947265625 578.9457397460938 
3.350000000000001 2.1000000000000005 0.0 1251.222900390625 594.9520874023438 
2.7500000000000004 2.1000000000000005 0.0 1167.7838134765625 610.52490234375 
2.1500000000000004 2.1000000000000005 0.0 1091.5538330078125 623.9529418945312 
1.5500000000000005 2.1000000000000005 0.0 1013.0447387695312 633.44140625 
0.9500000000000004 2.1000000000000005 0.0 943.9442138671875 649.7364501953125 
0.3499999999999998 2.1000000000000005 0.0 880.3238525390625 663.197509765625 
0.0 0.0 0.35000000000000003 801.2037353515625 1018.0768432617188 
0.0 0.0 0.9500000000000002 722.888427734375 1015.8475341796875 
0.0 0.0 1.5500000000000003 629.1557006835938 1018.3541259765625 
0.0 0.0 2.1500000000000004 541.5564575195312 1021.102783203125 
0.0 0.0 2.7500000000000004 449.0989074707031 1018.4776000976562 
0.0 0.0 3.3500000000000005 352.77178955078125 1016.2726440429688 
0.0 0.0 3.9500000000000006 248.9908905029297 1022.6783447265625 
0.0 0.0 4.550000000000001 144.6031494140625 1018.4462890625 
0.0 0.30000000000000004 0.6500000000000001 759.2782592773438 966.9075317382812 
0.0 0.30000000000000004 1.2500000000000002 670.7185668945312 969.2396240234375 
0.0 0.30000000000000004 1.8500000000000003 588.955078125 962.040283203125 
0.0 0.30000000000000004 2.4500000000000006 495.7153015136719 964.0674438476562 
0.0 0.30000000000000004 3.0500000000000003 399.73150634765625 961.49951171875 
0.0 0.30000000000000004 3.650000000000001 300.4408874511719 961.7149047851562 
0.0 0.30000000000000004 4.25 195.7191162109375 962.7686157226562 
0.0 0.30000000000000004 4.8500000000000005 87.50468444824219 959.297119140625 
0.0 0.6000000000000001 0.35000000000000003 799.2435913085938 916.7062377929688 
0.0 0.6000000000000001 0.9500000000000002 715.7516479492188 910.8450317382812 
0.0 0.6000000000000001 1.5500000000000003 630.4452514648438 910.4714965820312 
0.0 0.6000000000000001 2.1500000000000004 541.13525390625 910.4647216796875 
0.0 0.6000000000000001 2.7500000000000004 447.3990783691406 908.3243408203125 
0.0 0.6000000000000001 3.3500000000000005 353.2095947265625 905.50146484375 
0.0 0.6000000000000001 3.9500000000000006 250.64688110351562 903.9849243164062 
0.0 0.6000000000000001 4.550000000000001 146.66319274902344 903.5191040039062 
0.0 0.9000000000000001 0.6500000000000001 757.3165893554688 864.505126953125 
0.0 0.9000000000000001 1.2500000000000002 673.2533569335938 861.9154663085938 
0.0 0.9000000000000001 1.8500000000000003 589.6213989257812 862.4144897460938 
0.0 0.9000000000000001 2.4500000000000006 493.94537353515625 853.5809326171875 
0.0 0.9000000000000001 3.0500000000000003 394.0124816894531 852.5304565429688 
0.0 0.9000000000000001 3.650000000000001 297.8606262207031 847.9837646484375 
0.0 0.9000000000000001 4.25 193.35382080078125 846.611328125 
0.0 0.9000000000000001 4.8500000000000005 86.0815658569336 840.8152465820312 
0.0 1.2000000000000002 0.35000000000000003 797.8198852539062 816.1356811523438 
0.0 1.2000000000000002 0.9500000000000002 714.9605712890625 811.92138671875 
0.0 1.2000000000000002 1.5500000000000003 629.3878173828125 807.5637817382812 
0.0 1.2000000000000002 2.1500000000000004 543.4244384765625 808.0950927734375 
0.0 1.2000000000000002 2.7500000000000004 444.4885559082031 796.2327270507812 
0.0 1.2000000000000002 3.3500000000000005 349.0054931640625 793.8035278320312 
0.0 1.2000000000000002 3.9500000000000006 250.2622833251953 786.94140625 
0.0 1.2000000000000002 4.550000000000001 141.4617919921875 783.881591796875 
0.0 1.5000000000000002 0.6500000000000001 756.46826171875 766.0096435546875 
0.0 1.5000000000000002 1.2500000000000002 672.1975708007812 758.1909790039062 
0.0 1.5000000000000002 1.8500000000000003 584.308837890625 752.7048950195312 
0.0 1.5000000000000002 2.4500000000000006 490.2825622558594 741.980712890625 
0.0 1.5000000000000002 3.0500000000000003 397.6864929199219 741.1323852539062 
0.0 1.5000000000000002 3.650000000000001 298.26171875 736.9165649414062 
0.0 1.5000000000000002 4.25 194.48573303222656 728.3294067382812 
0.0 1.5000000000000002 4.8500000000000005 88.24800109863281 719.7113037109375 
0.0 1.8000000000000003 0.35000000000000003 795.1752319335938 713.6033325195312 
0.0 1.8000000000000003 0.9500000000000002 718.0020141601562 707.5000610351562 
0.0 1.8000000000000003 1.5500000000000003 624.8143310546875 705.6454467773438 
0.0 1.8000000000000003 2.1500000000000004 538.4127197265625 696.1234741210938 
0.0 1.8000000000000003 2.7500000000000004 445.47357177734375 694.360595703125 
0.0 1.8000000000000003 3.3500000000000005 348.1268615722656 682.5159912109375 
0.0 1.8000000000000003 3.9500000000000006 247.03677368164062 674.8471069335938 
0.0 1.8000000000000003 4.550000000000001 140.70030212402344 667.1586303710938 
0.0 2.1000000000000005 0.6500000000000001 755.0040893554688 658.7517700195312 
0.0 2.1000000000000005 1.2500000000000002 670.502197265625 654.46826171875 
0.0 2.1000000000000005 1.8500000000000003 582.843017578125 646.9168701171875 
0.0 2.1000000000000005 2.4500000000000006 492.2475280761719 635.5187377929688 
0.0 2.1000000000000005 3.0500000000000003 398.05389404296875 630.2850341796875 
0.0 2.1000000000000005 3.650000000000001 295.01593017578125 625.2796020507812 
0.0 2.1000000000000005 4.25 193.64724731445312 613.0900268554688 
0.0 2.1000000000000005 4.8500000000000005 85.75825500488281 603.9458618164062 
