4.8500000000000005 0.0 0.0 2383.5673828125 1016.2060546875 
 4.250000000000001 0.0 0.0 2214.136474609375 1033.2149658203125 
 3.650000000000001 0.0 0.0 2055.93603515625 1049.1171875 
 3.0500000000000007 0.0 0.0 1906.29931640625 1064.1236572265625 
 2.4500000000000006 0.0 0.0 1765.0062255859375 1078.3243408203125 
 1.8500000000000005 0.0 0.0 1631.1282958984375 1091.7562255859375 
 1.2500000000000004 0.0 0.0 1510.9149169921875 1105.4249267578125 
 0.6499999999999999 0.0 0.0 1374.9700927734375 1112.3052978515625 
 4.550000000000001 0.30000000000000004 0.0 2288.998046875 927.1840209960938 
 3.9500000000000006 0.30000000000000004 0.0 2125.67626953125 946.447998046875 
 3.350000000000001 0.30000000000000004 0.0 1969.5772705078125 971.3192138671875 
 2.7500000000000004 0.30000000000000004 0.0 1819.492431640625 984.8871459960938 
 2.1500000000000004 0.30000000000000004 0.0 1689.58984375 997.9686889648438 
 1.5500000000000005 0.30000000000000004 0.0 1560.3609619140625 1012.7070922851562 
 0.9500000000000004 0.30000000000000004 0.0 1433.4739990234375 1029.361572265625 
 0.3499999999999998 0.30000000000000004 0.0 1317.06787109375 1041.826904296875 
 4.8500000000000005 0.6000000000000001 0.0 2369.466796875 824.2393188476562 
 4.250000000000001 0.6000000000000001 0.0 2197.5 840.9434204101562 
 3.650000000000001 0.6000000000000001 0.0 2039.38330078125 862.36474609375 
 3.0500000000000007 0.6000000000000001 0.0 1897.085205078125 877.3302612304688 
 2.4500000000000006 0.6000000000000001 0.0 1755.2750244140625 904.6118774414062 
 1.8500000000000005 0.6000000000000001 0.0 1618.2550048828125 917.1143798828125 
 1.2500000000000004 0.6000000000000001 0.0 1489.559326171875 936.8439331054688 
 0.6499999999999999 0.6000000000000001 0.0 1368.5323486328125 953.2012939453125 
 4.550000000000001 0.9000000000000001 0.0 2271.313720703125 732.409423828125 
 3.9500000000000006 0.9000000000000001 0.0 2108.740234375 757.3353881835938 
 3.350000000000001 0.9000000000000001 0.0 1955.495849609375 780.8118896484375 
 2.7500000000000004 0.9000000000000001 0.0 1809.406494140625 810.6766967773438 
 2.1500000000000004 0.9000000000000001 0.0 1666.6666259765625 821.2130737304688 
 1.5500000000000005 0.9000000000000001 0.0 1544.8897705078125 843.7694091796875 
 0.9500000000000004 0.9000000000000001 0.0 1427.59765625 857.5005493164062 
 0.3499999999999998 0.9000000000000001 0.0 1303.25146484375 880.5245361328125 
 4.8500000000000005 1.2000000000000002 0.0 2340.251953125 616.0801391601562 
 4.250000000000001 1.2000000000000002 0.0 2173.89892578125 648.3272094726562 
 3.650000000000001 1.2000000000000002 0.0 2017.431396484375 678.14599609375 
 3.0500000000000007 1.2000000000000002 0.0 1881.294189453125 704.5317993164062 
 2.4500000000000006 1.2000000000000002 0.0 1734.0474853515625 725.6277465820312 
 1.8500000000000005 1.2000000000000002 0.0 1601.5963134765625 748.05078125 
 1.2500000000000004 1.2000000000000002 0.0 1475.610595703125 766.2957763671875 
 0.6499999999999999 1.2000000000000002 0.0 1352.262451171875 782.390625 
 4.550000000000001 1.5000000000000002 0.0 2253.675048828125 538.139404296875 
 3.9500000000000006 1.5000000000000002 0.0 2085.985595703125 573.1390380859375 
 3.350000000000001 1.5000000000000002 0.0 1939.1302490234375 597.5611572265625 
 2.7500000000000004 1.5000000000000002 0.0 1795.312744140625 624.695068359375 
 2.1500000000000004 1.5000000000000002 0.0 1664.7694091796875 656.1666870117188 
 1.5500000000000005 1.5000000000000002 0.0 1525.4853515625 667.690673828125 
 0.9500000000000004 1.5000000000000002 0.0 1406.99267578125 697.8604125976562 
 0.3499999999999998 1.5000000000000002 0.0 1289.3857421875 719.9180297851562 
 4.8500000000000005 1.8000000000000003 0.0 2329.69482421875 416.517333984375 
 4.250000000000001 1.8000000000000003 0.0 2162.751220703125 458.1675720214844 
 3.650000000000001 1.8000000000000003 0.0 2001.0240478515625 488.59075927734375 
 3.0500000000000007 1.8000000000000003 0.0 1856.156005859375 524.3345947265625 
 2.4500000000000006 1.8000000000000003 0.0 1718.4378662109375 549.9642333984375 
 1.8500000000000005 1.8000000000000003 0.0 1586.730712890625 583.7752685546875 
 1.2500000000000004 1.8000000000000003 0.0 1462.2618408203125 601.2225952148438 
 0.6499999999999999 1.8000000000000003 0.0 1341.734619140625 626.4171142578125 
 4.550000000000001 2.1000000000000005 0.0 2236.251220703125 344.1341857910156 
 3.9500000000000006 2.1000000000000005 0.0 2074.7578125 380.4743957519531 
 3.350000000000001 2.1000000000000005 0.0 1925.146484375 413.7506408691406 
 2.7500000000000004 2.1000000000000005 0.0 1779.503173828125 446.8603210449219 
 2.1500000000000004 2.1000000000000005 0.0 1647.42529296875 475.7280578613281 
 1.5500000000000005 2.1000000000000005 0.0 1508.6865234375 499.0987854003906 
 0.9500000000000004 2.1000000000000005 0.0 1387.6527099609375 532.22412109375 
 0.3499999999999998 2.1000000000000005 0.0 1276.010009765625 559.5219116210938 
 0.0 0.0 0.35000000000000003 1186.5029296875 1134.7215576171875 
 0.0 0.0 0.9500000000000002 1072.3531494140625 1139.48486328125 
 0.0 0.0 1.5500000000000003 934.36865234375 1152.1510009765625 
 0.0 0.0 2.1500000000000004 804.1276245117188 1164.7310791015625 
 0.0 0.0 2.7500000000000004 664.6904907226562 1169.739013671875 
 0.0 0.0 3.3500000000000005 519.485107421875 1176.2843017578125 
 0.0 0.0 3.9500000000000006 361.2244567871094 1196.5543212890625 
 0.0 0.0 4.550000000000001 199.49349975585938 1200.6207275390625 
 0.0 0.30000000000000004 0.6500000000000001 1119.76806640625 1056.789306640625 
 0.0 0.30000000000000004 1.2500000000000002 990.20849609375 1069.4541015625 
 0.0 0.30000000000000004 1.8500000000000003 867.7554321289062 1064.6190185546875 
 0.0 0.30000000000000004 2.4500000000000006 728.602294921875 1076.74072265625 
 0.0 0.30000000000000004 3.0500000000000003 584.2152099609375 1082.4013671875 
 0.0 0.30000000000000004 3.650000000000001 432.91680908203125 1091.9097900390625 
 0.0 0.30000000000000004 4.25 271.5323791503906 1104.2587890625 
 0.0 0.30000000000000004 4.8500000000000005 102.80599212646484 1108.8760986328125 
 0.0 0.6000000000000001 0.35000000000000003 1173.0098876953125 972.9827270507812 
 0.0 0.6000000000000001 0.9500000000000002 1050.490478515625 971.361328125 
 0.0 0.6000000000000001 1.5500000000000003 923.6663818359375 977.8013916015625 
 0.0 0.6000000000000001 2.1500000000000004 790.805908203125 986.143798828125 
 0.0 0.6000000000000001 2.7500000000000004 650.2911376953125 991.038330078125 
 0.0 0.6000000000000001 3.3500000000000005 507.0076599121094 994.6964111328125 
 0.0 0.6000000000000001 3.9500000000000006 349.8365173339844 1001.60302734375 
 0.0 0.6000000000000001 4.550000000000001 188.74554443359375 1010.8005981445312 
 0.0 0.9000000000000001 0.6500000000000001 1106.3890380859375 893.419921875 
 0.0 0.9000000000000001 1.2500000000000002 982.0618286132812 895.6917724609375 
 0.0 0.9000000000000001 1.8500000000000003 857.7188720703125 903.6727905273438 
 0.0 0.9000000000000001 2.4500000000000006 713.8104248046875 898.1112060546875 
 0.0 0.9000000000000001 3.0500000000000003 562.7586059570312 905.39892578125 
 0.0 0.9000000000000001 3.650000000000001 416.2825012207031 905.7069702148438 
 0.0 0.9000000000000001 4.25 255.42247009277344 913.3857421875 
 0.0 0.9000000000000001 4.8500000000000005 86.77890014648438 912.97216796875 
 0.0 1.2000000000000002 0.35000000000000003 1159.8175048828125 811.7265625 
 0.0 1.2000000000000002 0.9500000000000002 1038.2940673828125 812.0169067382812 
 0.0 1.2000000000000002 1.5500000000000003 910.9153442382812 812.2886962890625 
 0.0 1.2000000000000002 2.1500000000000004 783.234619140625 819.6664428710938 
 0.0 1.2000000000000002 2.7500000000000004 633.2412719726562 808.7374267578125 
 0.0 1.2000000000000002 3.3500000000000005 488.2420349121094 813.2802124023438 
 0.0 1.2000000000000002 3.9500000000000006 335.6729431152344 809.8228759765625 
 0.0 1.2000000000000002 4.550000000000001 166.76341247558594 813.827880859375 
 0.0 1.5000000000000002 0.6500000000000001 1094.254150390625 734.9312744140625 
 0.0 1.5000000000000002 1.2500000000000002 968.5745849609375 728.7311401367188 
 0.0 1.5000000000000002 1.8500000000000003 838.0031127929688 726.91748046875 
 0.0 1.5000000000000002 2.4500000000000006 695.6668701171875 717.36279296875 
 0.0 1.5000000000000002 3.0500000000000003 555.7915649414062 723.4234008789062 
 0.0 1.5000000000000002 3.650000000000001 403.69549560546875 724.3104248046875 
 0.0 1.5000000000000002 4.25 243.37298583984375 718.4843139648438 
 0.0 1.5000000000000002 4.8500000000000005 76.35485076904297 712.3734741210938 
 0.0 1.8000000000000003 0.35000000000000003 1144.9588623046875 648.1310424804688 
 0.0 1.8000000000000003 0.9500000000000002 1031.3743896484375 643.7149047851562 
 0.0 1.8000000000000003 1.5500000000000003 893.1185913085938 647.5576171875 
 0.0 1.8000000000000003 2.1500000000000004 763.2515869140625 639.4743041992188 
 0.0 1.8000000000000003 2.7500000000000004 622.5729370117188 642.6216430664062 
 0.0 1.8000000000000003 3.3500000000000005 474.18316650390625 630.70849609375 
 0.0 1.8000000000000003 3.9500000000000006 317.6754150390625 625.8733520507812 
 0.0 1.8000000000000003 4.550000000000001 151.99378967285156 620.6336059570312 
 0.0 2.1000000000000005 0.6500000000000001 1080.4158935546875 562.8076171875 
 0.0 2.1000000000000005 1.2500000000000002 954.8345336914062 562.3305053710938 
 0.0 2.1000000000000005 1.8500000000000003 824.1493530273438 556.3025512695312 
 0.0 2.1000000000000005 2.4500000000000006 687.270751953125 544.3359985351562 
 0.0 2.1000000000000005 3.0500000000000003 543.7024536132812 541.85498046875 
 0.0 2.1000000000000005 3.650000000000001 386.1485595703125 541.318359375 
 0.0 2.1000000000000005 4.25 228.48919677734375 528.2990112304688 
 0.0 2.1000000000000005 4.8500000000000005 57.61100387573242 519.9400634765625 
 